1743	1142	563	3024	2992	3189	2957	2928	2874	2843	3027	3023	2756	2724	2693	2658	2627	2745	2744	2451	2418	2344	2341	2300	2356	2322	2296	2269	2265	2292	2326	2289	2253	2226	2182	2264	2228	2160	2130	2379	2382	2046	1972	1933	2115	2123	1673	1657	1608	1567	1504	1548	1598	1540	1487	1442	1358	1380	1427	1482	1317	1367	1424	1409	1357	1220	1631	1655	1147	1084	1428	1461	849	787	757	717	642	691	773	870	847	747	661	610	579	624	715	819	846	763	473	1227	1275	488	331	299	697	598	181	150	1151	1210	309	31	0
1712	1112	533	2993	2961	3161	2927	2897	2843	2812	2998	2994	2725	2693	2662	2628	2597	2717	2716	2421	2387	2313	2310	2269	2326	2292	2265	2238	2234	2261	2296	2259	2223	2196	2151	2234	2198	2129	2099	2352	2356	2015	1943	1903	2089	2098	1642	1628	1578	1536	1474	1518	1569	1511	1457	1411	1327	1349	1397	1453	1287	1337	1396	1381	1328	1190	1609	1634	1121	1058	1410	1444	820	756	727	686	611	662	748	847	824	721	632	579	549	596	690	797	827	743	442	1216	1265	464	300	268	687	588	150	119	1147	1208	303	0	31
1638	1023	488	2960	2929	3013	2826	2807	2811	2780	2851	2841	2661	2662	2631	2522	2502	2560	2552	2354	2349	2265	2270	2232	2222	2208	2205	2201	2174	2177	2191	2153	2138	2135	2114	2117	2094	2086	2054	2178	2174	1945	1815	1790	1898	1899	1600	1499	1477	1474	1411	1415	1437	1376	1352	1348	1290	1285	1289	1314	1223	1226	1253	1220	1186	1146	1375	1391	931	889	1148	1175	716	728	693	640	604	570	581	634	606	550	538	574	546	499	512	572	577	512	441	921	967	307	393	373	388	292	318	309	845	907	0	303	309
1845	1343	1141	3154	3125	2843	2825	2838	3016	2988	2694	2662	2782	2879	2851	2524	2541	2387	2355	2493	2571	2466	2494	2465	2260	2309	2376	2438	2348	2280	2230	2193	2243	2312	2361	2126	2147	2318	2283	1978	1945	2118	1831	1856	1671	1638	1901	1570	1639	1745	1694	1583	1512	1455	1529	1643	1663	1593	1475	1398	1544	1422	1342	1258	1298	1537	1057	1024	990	1043	751	717	1136	1291	1260	1210	1251	1100	946	821	801	929	1085	1238	1226	1068	908	777	686	765	1174	345	307	947	1227	1222	555	654	1209	1208	71	0	907	1208	1210
1786	1278	1071	3101	3071	2812	2782	2794	2962	2933	2661	2631	2731	2824	2796	2480	2494	2354	2324	2441	2514	2411	2438	2408	2213	2258	2322	2381	2293	2228	2183	2145	2192	2257	2303	2079	2098	2260	2225	1945	1914	2062	1782	1805	1638	1607	1839	1516	1581	1684	1632	1525	1457	1399	1470	1580	1597	1529	1415	1342	1479	1361	1285	1202	1240	1471	1023	994	929	979	716	688	1066	1220	1190	1140	1180	1030	876	753	732	858	1014	1167	1155	998	838	707	617	695	1104	307	282	878	1160	1155	487	587	1145	1144	0	71	845	1147	1151
1596	998	421	2874	2842	3052	2811	2781	2724	2693	2889	2886	2607	2574	2543	2514	2481	2610	2611	2303	2268	2194	2191	2150	2212	2175	2147	2119	2116	2145	2182	2144	2107	2078	2032	2121	2084	2011	1981	2250	2255	1898	1832	1790	1991	2003	1524	1518	1465	1418	1356	1404	1460	1403	1345	1294	1208	1232	1285	1346	1170	1226	1289	1279	1222	1072	1529	1557	1029	960	1345	1384	712	639	610	571	493	554	654	767	747	631	525	462	431	491	602	723	763	672	327	1182	1236	382	181	149	667	565	31	0	1144	1208	309	119	150
1565	969	392	2843	2811	3023	2781	2751	2693	2662	2861	2858	2577	2543	2512	2484	2451	2582	2583	2272	2237	2163	2160	2119	2182	2145	2116	2088	2086	2115	2152	2115	2076	2047	2001	2092	2054	1980	1950	2223	2229	1867	1803	1761	1966	1978	1493	1490	1435	1388	1326	1375	1432	1375	1315	1264	1178	1202	1256	1318	1140	1197	1262	1253	1195	1041	1509	1538	1006	935	1329	1369	684	608	580	541	463	526	631	747	728	608	498	431	401	464	581	705	748	655	297	1175	1230	364	150	118	664	562	0	31	1145	1209	318	150	181
1526	926	526	2866	2835	2815	2671	2661	2719	2689	2655	2639	2540	2573	2543	2364	2354	2356	2343	2235	2257	2165	2178	2142	2070	2074	2094	2112	2063	2043	2039	2000	2004	2025	2028	1955	1944	1993	1960	1963	1952	1830	1648	1637	1672	1665	1521	1338	1345	1380	1319	1282	1275	1212	1219	1259	1229	1198	1157	1149	1138	1094	1086	1036	1023	1087	1116	1125	731	716	869	891	637	728	693	637	647	535	453	434	402	423	510	627	608	481	386	363	331	307	536	629	677	312	573	568	102	0	562	565	587	654	292	588	598
1540	953	605	2881	2850	2787	2662	2656	2736	2705	2627	2609	2546	2590	2560	2355	2349	2326	2310	2242	2275	2180	2196	2161	2064	2076	2105	2131	2074	2046	2033	1995	2007	2036	2048	1945	1940	2012	1978	1928	1914	1840	1638	1633	1632	1622	1547	1333	1352	1402	1342	1290	1270	1208	1228	1283	1264	1224	1166	1145	1166	1105	1082	1024	1021	1124	1060	1064	717	716	799	815	679	791	757	702	723	596	487	433	402	459	574	705	689	548	426	363	308	317	625	533	579	398	672	668	0	102	664	667	487	555	388	687	697
1450	858	287	2725	2693	2916	2667	2635	2575	2544	2753	2752	2459	2425	2394	2371	2336	2477	2480	2155	2119	2046	2042	2001	2068	2029	1999	1970	1968	1999	2039	2001	1961	1930	1883	1980	1941	1862	1832	2123	2131	1751	1694	1649	1871	1886	1375	1382	1323	1272	1210	1263	1325	1269	1204	1148	1060	1086	1146	1213	1024	1087	1159	1154	1092	924	1435	1468	920	844	1273	1317	580	492	465	429	347	425	550	680	664	531	400	316	285	369	508	647	701	603	188	1154	1213	313	32	0	668	568	118	149	1155	1222	373	268	299
1418	828	260	2693	2661	2886	2636	2604	2543	2512	2724	2723	2428	2393	2362	2340	2305	2449	2452	2123	2087	2014	2010	1969	2038	1998	1967	1938	1937	1968	2008	1971	1930	1898	1851	1950	1910	1830	1800	2096	2105	1720	1665	1619	1846	1861	1343	1353	1293	1240	1178	1233	1296	1241	1174	1116	1028	1055	1116	1185	993	1058	1131	1128	1065	892	1416	1450	898	820	1260	1305	553	461	434	400	316	400	531	664	650	512	375	285	255	346	492	634	692	592	160	1150	1210	306	0	32	672	573	150	181	1160	1227	393	300	331
1331	716	217	2655	2623	2722	2522	2502	2506	2475	2560	2552	2354	2357	2327	2219	2196	2272	2268	2047	2044	1959	1965	1927	1918	1901	1898	1896	1867	1870	1887	1849	1831	1828	1809	1815	1790	1780	1748	1898	1899	1638	1516	1487	1629	1636	1296	1199	1172	1168	1105	1109	1138	1077	1047	1042	988	979	984	1016	916	922	956	931	889	843	1148	1175	659	602	966	1008	409	441	405	349	340	266	289	385	364	260	235	317	296	197	227	341	389	292	227	845	907	0	306	313	398	312	364	382	878	947	307	464	488
1585	1136	1063	2873	2844	2536	2524	2541	2737	2710	2387	2355	2493	2604	2576	2226	2245	2080	2048	2210	2299	2193	2224	2197	1967	2022	2099	2171	2071	1994	1938	1901	1958	2037	2097	1831	1856	2052	2017	1671	1638	1845	1540	1572	1364	1331	1658	1293	1376	1502	1455	1325	1239	1184	1275	1409	1447	1365	1225	1131	1322	1177	1079	990	1043	1334	751	717	753	824	445	410	982	1161	1136	1094	1155	988	813	663	652	804	981	1150	1145	975	796	642	555	654	1120	71	0	907	1210	1213	579	677	1230	1236	282	307	967	1265	1275
1523	1066	997	2818	2788	2505	2480	2494	2681	2653	2354	2324	2441	2546	2519	2180	2197	2047	2017	2156	2241	2135	2165	2138	1917	1969	2042	2111	2014	1940	1888	1850	1904	1979	2036	1782	1805	1991	1957	1638	1607	1786	1489	1517	1331	1301	1593	1236	1315	1437	1389	1262	1180	1125	1211	1343	1379	1298	1161	1071	1254	1112	1017	929	979	1265	716	688	685	755	409	383	911	1091	1067	1024	1088	919	744	593	583	736	913	1082	1078	908	728	573	487	587	1056	0	71	845	1150	1154	533	629	1175	1182	307	345	921	1216	1227
1270	672	100	2561	2529	2728	2484	2455	2411	2380	2565	2564	2285	2261	2230	2187	2155	2289	2292	1979	1952	1875	1874	1834	1885	1849	1825	1803	1794	1819	1855	1817	1781	1755	1716	1795	1757	1692	1662	1935	1944	1573	1507	1464	1687	1702	1204	1194	1138	1094	1032	1078	1137	1081	1018	969	889	907	959	1025	845	900	971	968	905	750	1267	1304	744	663	1127	1176	393	315	285	244	174	240	384	529	519	370	217	142	111	192	356	509	578	476	0	1056	1120	227	160	188	625	536	297	327	1104	1174	441	442	473
1225	637	411	2566	2535	2517	2364	2354	2420	2390	2356	2343	2235	2274	2244	2058	2047	2060	2049	1931	1959	1865	1879	1845	1763	1768	1791	1815	1760	1737	1732	1693	1698	1722	1731	1648	1637	1695	1661	1672	1665	1526	1342	1330	1388	1388	1231	1031	1040	1085	1026	977	968	905	915	966	951	908	853	842	850	790	779	731	716	813	869	891	429	409	674	715	378	526	496	448	502	339	184	128	97	164	329	496	491	321	145	60	102	0	476	587	654	292	592	603	317	307	655	672	695	765	512	743	763
1243	679	512	2583	2552	2485	2354	2348	2438	2408	2325	2309	2241	2294	2264	2047	2042	2026	2012	1939	1979	1882	1900	1867	1757	1771	1804	1837	1774	1740	1726	1687	1701	1736	1755	1637	1632	1717	1683	1632	1621	1539	1330	1326	1341	1336	1264	1026	1050	1114	1056	989	963	900	928	1000	997	943	867	838	888	806	775	716	715	864	798	814	409	414	583	621	450	613	586	540	600	433	264	141	116	251	426	595	592	421	241	91	0	102	578	487	555	389	692	701	308	331	748	763	617	686	577	827	846
1177	599	435	2518	2487	2458	2308	2299	2372	2342	2297	2283	2184	2227	2197	2002	1992	2001	1990	1880	1912	1817	1833	1798	1708	1715	1741	1769	1711	1684	1677	1638	1646	1673	1686	1592	1582	1649	1615	1612	1605	1477	1285	1275	1328	1328	1189	976	989	1041	983	927	913	850	865	924	916	867	803	787	810	741	724	674	661	780	813	836	370	355	627	671	359	523	496	452	516	346	173	71	39	163	341	513	512	340	158	0	91	60	509	573	642	341	634	647	363	363	705	723	707	777	572	797	819
1149	542	278	2486	2454	2503	2319	2303	2338	2308	2341	2331	2169	2191	2161	2014	1997	2050	2045	1862	1876	1785	1796	1760	1715	1708	1718	1730	1687	1677	1684	1646	1638	1648	1645	1607	1588	1612	1578	1673	1673	1454	1305	1282	1402	1409	1136	989	976	997	936	913	927	865	850	874	843	813	787	803	752	724	741	709	674	701	929	960	432	379	771	820	254	383	352	303	360	194	71	173	163	39	185	355	354	182	0	158	241	145	356	728	796	227	492	508	426	386	581	602	838	908	512	690	715
1143	530	99	2461	2429	2565	2345	2321	2312	2281	2403	2398	2166	2163	2132	2043	2017	2121	2121	1859	1850	1767	1771	1733	1742	1718	1708	1702	1677	1687	1711	1673	1648	1638	1615	1644	1613	1587	1555	1759	1765	1450	1349	1314	1503	1517	1101	1034	993	976	913	931	974	915	869	850	792	787	808	857	724	747	800	789	733	647	1075	1113	553	475	942	994	227	249	213	157	183	71	195	347	342	186	39	175	172	0	182	340	421	321	192	908	975	197	346	369	548	481	464	491	998	1068	499	596	624
1165	574	84	2450	2418	2635	2381	2350	2300	2269	2472	2472	2177	2150	2119	2085	2051	2199	2204	1872	1842	1766	1764	1724	1783	1744	1717	1693	1686	1714	1753	1716	1676	1647	1606	1696	1656	1583	1552	1853	1864	1467	1412	1365	1612	1632	1095	1102	1038	987	925	979	1047	992	921	863	780	801	863	939	739	806	887	892	822	641	1223	1264	692	603	1108	1162	317	207	179	148	63	187	361	517	513	356	177	31	0	172	354	512	592	491	111	1078	1145	296	255	285	689	608	401	431	1155	1226	546	549	579
1134	546	100	2419	2387	2607	2351	2320	2269	2238	2444	2445	2146	2119	2088	2055	2021	2172	2178	1841	1811	1735	1733	1693	1753	1714	1686	1662	1655	1684	1724	1687	1646	1616	1575	1667	1626	1552	1521	1828	1840	1436	1384	1336	1589	1609	1064	1075	1009	957	894	950	1020	966	892	832	749	771	835	913	709	778	862	869	797	610	1208	1251	677	585	1100	1155	296	177	150	123	32	178	356	514	512	354	173	0	31	175	355	513	595	496	142	1082	1150	317	285	316	705	627	431	462	1167	1238	574	579	610
1104	491	119	2423	2391	2529	2306	2282	2273	2243	2366	2362	2127	2124	2094	2005	1978	2085	2086	1820	1811	1728	1732	1694	1703	1679	1669	1663	1638	1648	1673	1635	1609	1599	1577	1606	1575	1548	1516	1725	1732	1411	1312	1276	1472	1486	1062	996	954	937	874	893	937	879	831	811	754	748	770	821	685	709	764	756	697	609	1054	1093	527	445	931	984	189	218	184	129	175	32	184	341	339	181	0	173	177	39	185	341	426	329	217	913	981	235	375	400	574	510	498	525	1014	1085	538	632	661
1110	504	285	2448	2416	2466	2280	2264	2300	2270	2303	2295	2130	2153	2122	1975	1958	2014	2009	1823	1837	1747	1758	1722	1676	1669	1679	1691	1648	1638	1646	1607	1599	1609	1606	1569	1549	1573	1540	1638	1639	1416	1266	1243	1369	1376	1099	950	937	959	898	874	888	826	811	837	807	776	748	765	715	685	703	673	636	666	904	937	400	342	757	809	221	363	335	289	355	184	32	161	158	0	181	354	356	186	39	163	251	164	370	736	804	260	512	531	459	423	608	631	858	929	550	721	747
1139	565	440	2480	2449	2420	2269	2260	2334	2304	2259	2246	2145	2190	2160	1963	1953	1963	1953	1841	1874	1779	1795	1761	1669	1676	1703	1731	1673	1646	1638	1599	1607	1635	1649	1553	1543	1612	1577	1576	1570	1438	1246	1236	1293	1293	1153	937	950	1005	946	888	874	811	826	889	883	831	765	748	775	703	685	635	622	749	785	811	332	316	610	657	337	509	484	443	513	341	161	32	0	158	339	512	513	342	163	39	116	97	519	583	652	364	650	664	402	402	728	747	732	801	606	824	847
1108	537	446	2449	2418	2389	2237	2228	2304	2274	2228	2215	2113	2159	2129	1931	1921	1933	1922	1809	1844	1748	1764	1730	1637	1645	1672	1701	1641	1614	1606	1567	1575	1603	1618	1521	1511	1581	1547	1546	1540	1407	1215	1204	1264	1265	1124	905	919	975	917	857	842	779	795	859	856	803	733	716	747	672	653	603	590	723	763	791	301	284	598	648	321	499	476	437	512	339	158	0	32	161	341	514	517	347	173	71	141	128	529	593	663	385	664	680	433	434	747	767	753	821	634	847	870
1078	473	295	2416	2385	2435	2248	2232	2269	2238	2273	2265	2098	2121	2091	1943	1926	1984	1979	1791	1806	1715	1727	1690	1645	1637	1647	1660	1616	1606	1614	1575	1567	1577	1575	1537	1517	1542	1508	1610	1610	1384	1235	1211	1342	1350	1068	919	905	928	867	842	857	795	779	806	778	745	716	733	684	653	672	643	605	637	885	920	375	313	748	801	195	350	324	281	354	181	0	158	161	32	184	356	361	195	71	173	264	184	384	744	813	289	531	550	487	453	631	654	876	946	581	748	773
1072	459	140	2391	2359	2499	2275	2250	2242	2211	2336	2333	2095	2093	2062	1974	1947	2056	2057	1788	1779	1696	1700	1662	1672	1647	1637	1631	1606	1616	1641	1603	1577	1567	1545	1575	1543	1516	1484	1698	1706	1379	1282	1245	1446	1462	1031	966	923	905	842	861	908	850	800	779	722	716	739	792	653	678	736	729	669	578	1037	1078	508	423	923	978	159	195	162	110	173	0	181	339	341	184	32	178	187	71	194	346	433	339	240	919	988	266	400	425	596	535	526	554	1030	1100	570	662	691
1103	517	123	2387	2355	2578	2320	2289	2237	2206	2415	2417	2114	2087	2056	2025	1990	2145	2150	1809	1779	1703	1701	1661	1723	1683	1654	1630	1623	1652	1693	1656	1614	1584	1543	1637	1595	1520	1489	1802	1815	1405	1355	1307	1566	1587	1032	1047	979	925	863	921	992	939	863	801	717	739	806	887	678	750	836	846	772	578	1194	1238	661	568	1093	1150	277	145	120	100	0	173	354	512	513	355	175	32	63	183	360	516	600	502	174	1088	1155	340	316	347	723	647	463	493	1180	1251	604	611	642
1027	428	158	2328	2296	2487	2240	2211	2178	2147	2325	2325	2045	2029	1998	1943	1911	2051	2056	1738	1718	1638	1639	1600	1640	1606	1585	1569	1554	1575	1611	1573	1537	1515	1482	1551	1513	1456	1425	1705	1717	1331	1265	1220	1466	1487	968	954	894	853	790	834	899	844	775	727	655	665	716	791	602	659	739	746	674	512	1096	1141	564	469	1005	1063	177	92	56	0	100	110	281	437	443	289	129	123	148	157	303	452	540	448	244	1024	1094	349	400	429	702	637	541	571	1140	1210	640	686	717
986	398	207	2279	2247	2458	2202	2171	2129	2098	2296	2297	2000	1980	1949	1906	1872	2026	2032	1695	1670	1591	1591	1552	1604	1565	1540	1521	1509	1535	1574	1537	1497	1470	1434	1517	1476	1409	1378	1686	1700	1289	1236	1187	1454	1477	921	928	860	809	747	801	874	821	743	685	606	622	686	770	560	631	721	735	658	465	1106	1154	575	477	1030	1090	187	36	0	56	120	162	324	476	484	335	184	150	179	213	352	496	586	496	285	1067	1136	405	434	465	757	693	580	610	1190	1260	693	727	757
957	377	242	2246	2214	2437	2175	2143	2097	2066	2275	2277	1970	1947	1916	1880	1845	2007	2014	1665	1637	1560	1559	1519	1578	1537	1510	1488	1479	1507	1549	1512	1469	1440	1401	1494	1451	1377	1346	1670	1686	1260	1214	1164	1443	1468	889	909	836	780	718	778	856	805	721	656	574	594	666	755	532	611	708	726	646	434	1109	1158	581	481	1043	1104	198	0	36	92	145	195	350	499	509	363	218	177	207	249	383	523	613	526	315	1091	1161	441	461	492	791	728	608	639	1220	1291	728	756	787
922	307	293	2249	2218	2340	2118	2095	2101	2070	2178	2175	1945	1952	1922	1816	1791	1898	1900	1638	1638	1551	1559	1521	1515	1493	1489	1491	1458	1462	1484	1446	1424	1419	1405	1417	1387	1374	1341	1543	1552	1229	1123	1087	1296	1315	893	808	766	760	697	704	749	691	642	635	593	572	581	634	510	520	579	577	512	449	921	967	389	292	845	907	0	198	187	177	277	159	195	321	337	221	189	296	317	227	254	359	450	378	393	911	982	409	553	580	679	637	684	712	1066	1136	716	820	849
1270	947	1094	2507	2479	2126	2126	2147	2376	2350	1977	1945	2117	2248	2222	1831	1856	1670	1638	1844	1953	1844	1881	1858	1583	1652	1745	1834	1719	1625	1555	1519	1590	1687	1766	1444	1479	1718	1684	1262	1228	1501	1166	1210	955	921	1375	954	1064	1222	1186	1022	908	863	983	1152	1222	1121	946	820	1092	912	781	685	765	1138	344	307	555	654	70	0	907	1104	1090	1063	1150	978	801	648	657	809	984	1155	1162	994	820	671	621	715	1176	383	410	1008	1305	1317	815	891	1369	1384	688	717	1175	1444	1461
1204	878	1042	2450	2421	2096	2080	2099	2318	2291	1945	1915	2062	2189	2162	1783	1806	1638	1608	1786	1891	1783	1819	1795	1531	1595	1684	1771	1658	1568	1502	1466	1533	1626	1702	1393	1424	1654	1620	1229	1199	1439	1110	1151	922	892	1306	890	997	1153	1117	954	842	796	914	1082	1152	1051	876	753	1022	842	712	617	695	1069	307	283	487	587	0	70	845	1043	1030	1005	1093	923	748	598	610	757	931	1100	1108	942	771	627	583	674	1127	409	445	966	1260	1273	799	869	1329	1345	716	751	1148	1410	1428
830	312	563	2169	2138	2125	1956	1945	2024	1995	1963	1953	1830	1881	1851	1649	1638	1672	1666	1526	1566	1468	1487	1454	1354	1361	1390	1425	1360	1330	1323	1284	1291	1322	1344	1240	1228	1305	1270	1296	1298	1125	935	921	1032	1043	861	622	636	708	654	575	560	497	514	601	624	550	453	434	502	394	371	331	307	511	629	678	102	0	587	654	292	481	477	469	568	423	313	284	316	342	445	585	603	475	379	355	414	409	663	755	824	602	820	844	716	716	935	960	979	1043	889	1058	1084
860	398	646	2190	2159	2088	1945	1940	2047	2018	1927	1914	1839	1906	1877	1638	1633	1632	1622	1539	1593	1493	1515	1484	1348	1367	1409	1456	1380	1336	1317	1278	1298	1342	1377	1228	1224	1335	1301	1247	1243	1146	921	919	971	977	911	619	658	756	706	599	556	494	542	658	697	612	486	432	571	432	370	307	316	595	532	579	0	102	487	555	389	581	575	564	661	508	375	301	332	400	527	677	692	553	432	370	409	429	744	685	753	659	898	920	717	731	1006	1029	929	990	931	1121	1147
1077	907	1210	2243	2216	1819	1831	1856	2118	2092	1670	1638	1844	1996	1972	1540	1572	1363	1331	1584	1712	1602	1644	1626	1307	1389	1498	1604	1474	1363	1279	1245	1331	1445	1543	1166	1210	1493	1460	955	921	1270	906	964	649	614	1212	749	884	1070	1047	857	716	687	833	1027	1125	1011	813	662	999	797	644	555	654	1074	70	0	579	678	283	307	967	1158	1154	1141	1238	1078	920	791	811	937	1093	1251	1264	1113	960	836	814	891	1304	688	717	1175	1450	1468	1064	1125	1538	1557	994	1024	1391	1634	1655
1008	845	1172	2183	2156	1789	1783	1806	2057	2031	1638	1608	1786	1934	1909	1490	1518	1331	1302	1523	1648	1538	1579	1560	1250	1328	1434	1537	1410	1302	1222	1188	1270	1380	1476	1110	1151	1426	1393	922	892	1204	844	900	615	586	1141	679	814	1000	977	786	646	617	763	958	1057	943	744	593	932	729	575	487	587	1009	0	70	532	629	307	344	921	1109	1106	1096	1194	1037	885	763	785	904	1054	1208	1223	1075	929	813	798	869	1267	716	751	1148	1416	1435	1060	1116	1509	1529	1023	1057	1375	1609	1631
530	199	670	1816	1784	2043	1750	1715	1667	1636	1883	1891	1536	1517	1486	1460	1419	1632	1648	1231	1206	1126	1127	1088	1160	1109	1076	1057	1045	1079	1132	1096	1041	1006	970	1088	1035	944	913	1334	1362	828	833	766	1157	1197	456	562	446	349	288	400	527	497	360	229	145	172	327	473	122	303	457	528	426	0	1009	1074	595	511	1069	1138	449	434	465	512	578	578	637	723	749	666	609	610	641	647	701	780	864	813	750	1265	1334	843	892	924	1124	1087	1041	1072	1471	1537	1146	1190	1220
547	292	805	1874	1843	1835	1649	1638	1731	1702	1672	1666	1526	1590	1561	1343	1331	1388	1388	1225	1278	1177	1200	1170	1047	1056	1093	1142	1064	1025	1016	977	986	1027	1064	935	921	1021	986	1032	1043	830	630	614	797	824	618	316	342	463	422	285	253	191	232	388	472	362	184	128	345	148	67	102	0	426	587	654	316	307	695	765	512	646	658	674	772	669	605	590	622	636	697	797	822	733	674	661	715	716	905	979	1043	889	1065	1092	1021	1023	1195	1222	1240	1298	1186	1328	1357
596	389	868	1899	1870	1793	1638	1633	1760	1731	1632	1622	1539	1622	1593	1331	1327	1341	1337	1243	1313	1209	1237	1209	1042	1065	1120	1182	1091	1035	1011	972	997	1055	1107	921	919	1062	1027	971	977	860	614	615	720	742	690	317	387	537	504	339	256	197	297	477	570	457	264	141	444	242	95	0	102	528	487	555	307	331	617	685	577	726	735	746	846	729	643	603	635	673	756	869	892	789	709	674	716	731	968	929	990	931	1128	1154	1024	1036	1253	1279	1202	1258	1220	1381	1409
505	346	872	1821	1791	1767	1585	1575	1680	1651	1605	1599	1469	1540	1512	1278	1268	1321	1322	1169	1230	1127	1153	1123	984	997	1041	1096	1011	966	953	914	928	975	1020	870	858	976	941	966	979	779	564	552	737	767	594	252	297	442	409	246	189	126	202	384	484	368	170	63	363	158	0	95	67	457	575	644	370	371	712	781	579	708	721	739	836	736	672	653	685	703	764	862	887	800	741	724	775	779	971	1017	1079	956	1131	1159	1082	1086	1262	1289	1285	1342	1253	1396	1424
437	234	805	1777	1746	1829	1600	1581	1632	1602	1666	1667	1446	1488	1458	1298	1275	1395	1403	1141	1173	1076	1094	1061	997	984	1001	1032	970	953	966	928	914	932	950	898	868	911	877	1065	1086	736	607	567	863	900	481	297	252	325	279	189	246	202	126	241	328	214	63	170	205	0	158	242	148	303	729	797	432	394	842	912	520	611	631	659	750	678	653	672	703	685	709	778	806	747	724	741	806	790	900	1112	1177	922	1058	1087	1105	1094	1197	1226	1361	1422	1226	1337	1367
425	212	759	1739	1707	1925	1643	1611	1591	1560	1764	1772	1443	1442	1412	1350	1313	1511	1526	1137	1128	1042	1049	1011	1049	1005	984	980	953	975	1020	983	937	914	894	972	923	864	831	1213	1242	729	712	647	1040	1083	384	442	325	252	189	279	409	384	241	126	130	63	214	368	0	205	363	444	345	122	932	999	571	502	1022	1092	510	532	560	602	678	653	684	747	775	715	685	709	739	724	752	810	888	850	845	1254	1322	916	993	1024	1166	1138	1140	1170	1479	1544	1223	1287	1317
455	385	927	1762	1732	1708	1522	1512	1621	1592	1546	1541	1407	1482	1454	1216	1205	1264	1266	1108	1173	1069	1096	1068	921	934	981	1041	952	904	890	851	866	916	966	807	795	921	886	915	931	720	502	489	698	732	557	189	246	409	384	202	126	63	170	368	481	363	158	0	368	170	63	141	128	473	593	662	432	434	753	820	634	755	770	791	887	792	733	716	748	765	821	913	939	857	803	787	838	842	1025	1071	1131	1016	1185	1213	1145	1149	1318	1346	1342	1398	1314	1453	1482
377	289	864	1716	1685	1772	1538	1518	1571	1541	1610	1611	1384	1427	1398	1236	1212	1342	1351	1078	1113	1015	1034	1002	934	921	939	973	908	890	904	866	851	870	892	837	806	852	818	1020	1043	674	549	506	830	870	434	246	189	279	241	126	202	170	63	214	323	205	0	158	214	63	170	264	184	327	744	813	486	453	876	946	581	666	686	716	806	739	716	733	765	748	770	835	863	808	787	803	867	853	959	1161	1225	984	1116	1146	1166	1157	1256	1285	1415	1475	1289	1397	1427
364	272	822	1677	1645	1871	1583	1550	1528	1498	1711	1720	1380	1380	1349	1291	1252	1462	1479	1074	1065	980	986	949	990	944	921	918	890	913	961	925	875	851	832	916	864	802	769	1173	1204	667	664	594	1012	1058	324	409	279	189	126	241	384	368	214	63	118	0	205	363	63	214	368	457	362	172	943	1011	612	550	1051	1121	572	594	622	665	739	716	745	803	831	776	748	771	801	787	813	867	943	908	907	1298	1365	979	1055	1086	1224	1198	1202	1232	1529	1593	1285	1349	1380
413	320	812	1673	1641	1943	1627	1587	1524	1493	1784	1796	1400	1374	1343	1343	1296	1545	1566	1097	1063	986	985	946	1046	984	940	915	909	954	1019	985	918	871	828	985	924	803	773	1272	1307	698	753	674	1124	1171	315	520	378	230	179	350	499	486	331	138	0	118	323	481	130	328	484	570	472	145	1057	1125	697	624	1152	1222	593	574	606	655	717	722	778	856	883	807	754	749	780	792	843	916	997	951	889	1379	1447	988	1028	1060	1264	1229	1178	1208	1597	1663	1290	1327	1358
302	333	885	1614	1583	1818	1522	1488	1466	1435	1658	1669	1317	1318	1287	1232	1191	1413	1432	1011	1003	917	924	887	932	882	858	856	827	852	903	868	814	788	771	861	807	739	706	1135	1169	604	618	544	988	1037	264	384	241	126	63	214	368	363	205	0	138	63	214	368	126	241	384	477	388	229	958	1027	658	601	1082	1152	635	656	685	727	801	779	806	859	889	837	811	832	863	850	874	924	1000	966	969	1343	1409	1042	1116	1148	1283	1259	1264	1294	1580	1643	1348	1411	1442
318	347	924	1655	1624	1716	1476	1455	1511	1481	1553	1557	1321	1367	1338	1174	1150	1289	1300	1016	1053	955	975	943	872	858	877	914	847	827	842	804	788	809	835	777	744	794	759	976	1003	612	493	446	800	844	392	202	126	241	214	63	170	158	0	205	331	214	63	170	241	126	202	297	232	360	763	833	542	514	914	983	642	721	743	775	863	800	779	795	826	811	831	892	921	869	850	865	928	915	1018	1211	1275	1047	1174	1204	1228	1219	1315	1345	1470	1529	1352	1457	1487
407	430	983	1703	1673	1650	1459	1449	1563	1534	1487	1484	1345	1425	1396	1153	1142	1208	1212	1047	1116	1012	1040	1013	858	872	923	986	894	842	827	788	804	858	913	744	732	867	832	866	885	663	440	426	662	701	525	126	202	384	368	170	63	0	158	363	486	368	170	63	384	202	126	197	191	497	617	687	494	497	796	863	691	805	821	844	939	850	795	779	811	826	879	966	992	915	865	850	900	905	1081	1125	1184	1077	1241	1269	1208	1212	1375	1403	1399	1455	1376	1511	1540
365	479	1040	1644	1614	1592	1396	1386	1504	1476	1429	1427	1284	1367	1339	1090	1079	1153	1158	987	1061	955	985	959	795	811	864	933	836	780	764	725	742	800	862	681	669	815	780	819	842	607	378	363	631	674	499	63	170	368	363	158	0	63	170	368	499	384	202	126	409	246	189	256	253	527	646	716	556	560	842	908	749	856	874	899	992	908	857	842	874	888	937	1020	1047	974	927	913	963	968	1137	1180	1239	1138	1296	1325	1270	1275	1432	1460	1457	1512	1437	1569	1598
261	406	984	1594	1563	1660	1414	1392	1450	1421	1498	1502	1258	1308	1278	1112	1087	1237	1250	953	994	895	916	885	811	795	815	857	785	764	780	742	725	747	778	717	682	736	701	934	964	551	439	386	774	822	356	170	63	214	205	0	158	170	63	214	350	241	126	202	279	189	246	339	285	400	786	857	599	575	954	1022	704	778	801	834	921	861	842	857	888	874	893	950	979	931	913	927	989	977	1078	1262	1325	1109	1233	1263	1290	1282	1375	1404	1525	1583	1415	1518	1548
242	394	948	1552	1520	1765	1462	1427	1404	1373	1606	1618	1254	1256	1225	1173	1131	1366	1387	948	941	854	861	825	874	821	795	794	764	791	846	811	753	725	709	808	750	677	644	1099	1137	542	576	496	967	1019	208	368	214	63	0	205	363	368	214	63	179	126	241	384	189	279	409	504	422	288	977	1047	706	654	1117	1186	697	718	747	790	863	842	867	917	946	898	874	894	925	913	936	983	1056	1026	1032	1389	1455	1105	1178	1210	1342	1319	1326	1356	1632	1694	1411	1474	1504
184	456	1010	1490	1458	1713	1402	1366	1341	1311	1555	1569	1192	1194	1163	1115	1071	1320	1344	886	879	791	799	763	817	760	732	732	701	730	789	755	693	662	647	756	694	615	581	1066	1106	480	537	452	950	1005	156	363	205	0	63	214	368	384	241	126	230	189	279	409	252	325	442	537	463	349	1000	1070	756	708	1153	1222	760	780	809	853	925	905	928	975	1005	959	937	957	987	976	997	1041	1114	1085	1094	1437	1502	1168	1240	1272	1402	1380	1388	1418	1684	1745	1474	1536	1567
208	466	1045	1534	1503	1604	1352	1330	1390	1361	1443	1449	1196	1248	1219	1051	1025	1186	1202	891	936	835	858	828	749	732	754	800	724	701	719	681	662	686	723	658	621	679	644	895	929	489	387	328	753	804	329	158	0	205	214	63	170	202	126	241	378	279	189	246	325	252	297	387	342	446	814	884	658	636	997	1064	766	836	860	894	979	923	905	919	950	937	954	1009	1038	993	976	989	1050	1040	1138	1315	1376	1172	1293	1323	1352	1345	1435	1465	1581	1639	1477	1578	1608
329	531	1097	1585	1555	1534	1333	1323	1447	1418	1371	1370	1222	1311	1283	1027	1016	1098	1106	927	1006	900	932	906	732	749	807	881	779	719	701	662	681	744	812	619	606	764	730	774	801	552	317	300	604	652	480	0	158	363	368	170	63	126	202	384	520	409	246	189	442	297	252	317	316	562	679	749	619	622	890	954	808	909	928	954	1047	966	919	905	937	950	996	1075	1102	1034	989	976	1026	1031	1194	1236	1293	1199	1353	1382	1333	1338	1490	1518	1516	1570	1499	1628	1657
187	595	1126	1360	1328	1682	1329	1283	1211	1180	1528	1549	1086	1062	1031	1056	1000	1316	1347	785	749	671	671	632	770	686	627	601	596	659	746	716	625	558	514	735	658	488	457	1106	1154	398	575	477	1030	1090	0	480	329	156	208	356	499	525	392	264	315	324	434	557	384	481	594	690	618	456	1141	1212	911	861	1306	1375	893	889	921	968	1032	1031	1068	1124	1153	1099	1062	1064	1095	1101	1136	1189	1264	1231	1204	1593	1658	1296	1343	1375	1547	1521	1493	1524	1839	1901	1600	1642	1673
907	1113	1602	1756	1733	1205	1258	1298	1651	1630	1057	1024	1343	1552	1533	990	1043	751	717	1136	1317	1210	1265	1261	820	946	1100	1248	1085	929	801	777	908	1068	1214	685	765	1161	1136	345	307	947	555	654	71	0	1090	652	804	1005	1019	822	674	701	844	1037	1171	1058	870	732	1083	900	767	742	824	1197	586	614	977	1043	892	921	1315	1468	1477	1487	1587	1462	1350	1265	1293	1376	1486	1609	1632	1517	1409	1328	1336	1388	1702	1301	1331	1636	1861	1886	1622	1665	1978	2003	1607	1638	1899	2098	2123
845	1082	1586	1690	1667	1175	1202	1240	1583	1562	1023	994	1278	1483	1464	929	979	716	688	1066	1246	1140	1195	1190	752	876	1029	1177	1014	858	732	707	838	997	1144	616	694	1091	1066	307	282	878	487	587	0	71	1030	604	753	950	967	774	631	662	800	988	1124	1012	830	698	1040	863	737	720	797	1157	615	649	971	1032	922	955	1296	1443	1454	1466	1566	1446	1342	1264	1293	1369	1472	1589	1612	1503	1402	1328	1341	1388	1687	1331	1364	1629	1846	1871	1632	1672	1966	1991	1638	1671	1898	2089	2115
292	792	1370	1301	1272	1278	1037	1024	1168	1141	1117	1126	927	1039	1013	732	717	870	892	638	748	638	680	663	434	453	535	643	511	424	403	364	387	481	590	331	307	537	507	629	678	313	102	0	587	654	477	300	328	452	496	386	363	426	446	544	674	594	506	489	647	567	552	615	614	766	900	964	919	921	1151	1210	1087	1164	1187	1220	1307	1245	1211	1204	1236	1243	1276	1336	1365	1314	1282	1275	1326	1330	1464	1517	1572	1487	1619	1649	1633	1637	1761	1790	1805	1856	1790	1903	1933
388	838	1411	1341	1314	1223	1024	1021	1213	1187	1060	1064	953	1091	1066	717	716	799	815	679	813	702	750	737	432	486	595	718	574	459	402	363	426	548	673	307	316	620	591	533	579	398	0	102	487	555	575	317	387	537	576	439	378	440	493	618	753	664	549	502	712	607	564	614	630	833	844	906	921	935	1110	1166	1123	1214	1236	1265	1355	1282	1235	1215	1246	1266	1312	1384	1412	1349	1305	1285	1330	1342	1507	1489	1540	1516	1665	1694	1638	1648	1803	1832	1782	1831	1815	1943	1972
307	922	1489	1044	1014	1298	931	889	902	873	1148	1175	716	762	734	659	602	966	1008	409	454	349	380	357	384	288	265	334	235	260	364	341	227	197	277	388	292	225	194	845	907	0	398	313	878	947	398	552	489	480	542	551	607	663	612	604	698	667	674	720	729	736	779	860	830	828	1204	1270	1146	1125	1439	1501	1229	1260	1289	1331	1405	1379	1384	1407	1438	1416	1411	1436	1467	1450	1454	1477	1539	1526	1573	1786	1845	1638	1720	1751	1840	1830	1867	1898	2062	2118	1945	2015	2046
967	1315	1844	1548	1528	898	990	1043	1459	1441	751	717	1136	1380	1365	753	824	445	410	982	1190	1094	1154	1160	662	813	988	1154	981	804	652	642	796	974	1141	555	654	1092	1073	71	0	907	579	678	282	307	1154	801	929	1106	1137	964	842	885	1003	1169	1307	1204	1043	931	1242	1086	979	977	1043	1362	892	921	1243	1298	1199	1228	1552	1686	1700	1717	1815	1706	1610	1540	1570	1639	1732	1840	1864	1765	1673	1605	1621	1665	1944	1607	1638	1899	2105	2131	1914	1952	2229	2255	1914	1945	2174	2356	2382
921	1296	1836	1479	1459	868	929	979	1389	1371	716	688	1066	1309	1295	685	755	409	383	911	1121	1024	1086	1092	592	743	919	1086	913	736	583	573	728	907	1075	487	587	1026	1009	0	71	845	533	629	307	345	1106	774	895	1066	1099	934	819	866	976	1135	1272	1173	1020	915	1213	1065	966	971	1032	1334	922	955	1247	1296	1229	1262	1543	1670	1686	1705	1802	1698	1610	1546	1576	1638	1725	1828	1853	1759	1673	1612	1632	1672	1935	1638	1671	1898	2096	2123	1928	1963	2223	2250	1945	1978	2178	2352	2379
441	1037	1583	908	877	1353	922	860	760	730	1214	1251	636	613	583	692	612	1074	1123	349	298	214	218	184	476	331	192	155	167	317	466	457	304	140	84	528	426	35	0	1009	1073	194	591	507	1066	1136	457	730	644	581	644	701	780	832	759	706	773	769	818	886	831	877	941	1027	986	913	1393	1460	1301	1270	1620	1684	1341	1346	1378	1425	1489	1484	1508	1547	1577	1540	1516	1521	1552	1555	1578	1615	1683	1661	1662	1957	2017	1748	1800	1832	1978	1960	1950	1981	2225	2283	2054	2099	2130
476	1070	1614	875	844	1347	906	842	727	696	1211	1249	610	580	549	685	602	1079	1130	330	264	185	185	150	482	332	178	121	158	321	475	468	312	138	53	543	441	0	35	1026	1092	225	620	537	1091	1161	488	764	679	615	677	736	815	867	794	739	803	802	852	921	864	911	976	1062	1021	944	1426	1493	1335	1305	1654	1718	1374	1377	1409	1456	1520	1516	1542	1581	1612	1573	1548	1552	1583	1587	1612	1649	1717	1695	1692	1991	2052	1780	1830	1862	2012	1993	1980	2011	2260	2318	2086	2129	2160
511	1087	1665	1033	1006	1025	732	717	910	886	870	892	638	798	776	430	410	674	716	379	553	449	507	508	128	184	339	500	329	164	98	61	145	320	489	102	0	441	426	587	654	292	316	307	694	765	658	606	621	694	750	682	669	732	744	807	924	864	806	795	923	868	858	919	921	1035	1151	1210	1224	1228	1424	1479	1387	1451	1476	1513	1595	1543	1517	1511	1543	1549	1575	1626	1656	1613	1588	1582	1632	1637	1757	1805	1856	1790	1910	1941	1940	1944	2054	2084	2098	2147	2094	2198	2228
576	1123	1701	1085	1060	958	717	716	971	948	799	815	679	867	848	410	415	584	621	450	642	541	601	605	141	264	433	599	426	252	117	92	241	420	590	0	102	543	528	487	555	388	307	331	616	685	735	619	658	756	808	717	681	744	777	861	985	916	837	807	972	898	870	921	935	1088	1110	1166	1228	1240	1393	1444	1417	1494	1517	1551	1637	1575	1537	1521	1553	1569	1606	1667	1696	1644	1607	1592	1637	1648	1795	1782	1831	1815	1950	1980	1945	1955	2092	2121	2079	2126	2117	2234	2264
517	1103	1640	846	814	1372	916	848	697	666	1239	1279	604	548	517	709	622	1116	1169	340	236	176	159	118	522	368	201	87	187	361	517	513	355	176	0	590	489	53	84	1075	1141	277	673	590	1144	1214	514	812	723	647	709	778	862	913	835	771	828	832	892	966	894	950	1020	1107	1064	970	1476	1543	1377	1344	1702	1766	1405	1401	1434	1482	1543	1545	1575	1618	1649	1606	1577	1575	1606	1615	1645	1686	1755	1731	1716	2036	2097	1809	1851	1883	2048	2028	2001	2032	2303	2361	2114	2151	2182
499	1112	1673	847	817	1213	788	732	705	676	1074	1112	530	567	539	552	474	942	993	227	267	158	202	193	346	194	70	182	39	185	341	339	181	0	176	420	320	138	140	907	974	197	548	481	997	1068	558	744	686	662	725	747	800	858	809	788	871	851	870	916	914	932	975	1055	1027	1006	1380	1445	1342	1322	1626	1687	1419	1440	1470	1515	1584	1567	1577	1603	1635	1609	1599	1616	1647	1638	1648	1673	1736	1722	1755	1979	2037	1828	1898	1930	2036	2025	2047	2078	2257	2312	2135	2196	2226
512	1118	1693	917	888	1075	709	674	787	761	929	960	542	666	642	432	379	771	820	254	409	303	362	364	173	70	194	358	185	39	163	158	0	181	355	241	145	312	304	728	796	227	426	387	838	908	625	681	662	693	753	725	742	804	788	814	918	875	851	866	937	914	928	997	986	1041	1270	1331	1298	1291	1533	1590	1424	1469	1497	1537	1614	1577	1567	1575	1607	1599	1609	1646	1676	1648	1638	1646	1701	1698	1781	1904	1958	1831	1930	1961	2007	2004	2076	2107	2192	2243	2138	2223	2253
572	1147	1725	1000	974	967	674	661	883	860	813	836	599	777	757	370	355	627	671	359	551	452	513	519	70	173	346	515	341	163	39	0	158	339	513	92	61	468	457	573	642	341	363	364	707	777	716	662	681	755	811	742	725	788	804	868	985	925	866	851	983	928	914	972	977	1096	1188	1245	1278	1284	1466	1519	1446	1512	1537	1573	1656	1603	1575	1567	1599	1607	1635	1687	1716	1673	1646	1638	1687	1693	1817	1850	1901	1849	1971	2001	1995	2000	2115	2144	2145	2193	2153	2259	2289
606	1185	1763	969	943	937	635	622	854	832	785	811	565	752	733	332	316	610	657	337	538	443	505	514	31	161	340	512	339	158	0	39	163	341	517	117	98	475	466	583	652	364	402	403	732	801	746	701	719	789	846	780	764	827	842	903	1019	961	904	890	1020	966	953	1011	1016	1132	1222	1279	1317	1323	1502	1555	1484	1549	1574	1611	1693	1641	1614	1606	1638	1646	1673	1724	1753	1711	1684	1677	1726	1732	1855	1888	1938	1887	2008	2039	2033	2039	2152	2182	2183	2230	2191	2296	2326
550	1157	1731	882	854	1049	673	636	754	729	904	937	504	636	614	400	342	757	809	221	391	289	350	357	161	31	184	354	181	0	158	163	39	185	361	252	164	321	317	736	804	260	459	424	858	929	659	719	701	730	791	764	780	842	827	852	954	913	890	904	975	953	966	1035	1025	1079	1302	1363	1336	1330	1568	1625	1462	1507	1535	1575	1652	1616	1606	1614	1646	1638	1648	1684	1714	1687	1677	1684	1740	1737	1819	1940	1994	1870	1968	1999	2046	2043	2115	2145	2228	2280	2177	2261	2292
538	1151	1712	810	780	1190	756	697	669	640	1054	1093	491	532	505	527	445	931	984	189	239	129	180	179	340	184	31	174	0	181	339	341	185	39	187	426	329	158	167	913	981	235	574	511	1014	1085	596	779	724	701	764	785	836	894	847	827	909	890	908	952	953	970	1011	1091	1064	1045	1410	1474	1380	1360	1658	1719	1458	1479	1509	1554	1623	1606	1616	1641	1673	1648	1638	1655	1686	1677	1687	1711	1774	1760	1794	2014	2071	1867	1937	1968	2074	2063	2086	2116	2293	2348	2174	2234	2265
596	1188	1727	760	728	1325	852	778	610	580	1197	1241	524	462	431	665	572	1095	1151	281	149	105	73	31	512	354	174	0	174	354	512	515	358	182	87	599	500	121	155	1086	1154	334	718	643	1177	1248	601	881	800	732	794	857	933	986	914	856	915	918	973	1041	980	1032	1096	1182	1142	1057	1537	1604	1456	1425	1771	1834	1491	1488	1521	1569	1630	1631	1660	1701	1731	1691	1663	1662	1693	1702	1730	1769	1837	1815	1803	2111	2171	1896	1938	1970	2131	2112	2088	2119	2381	2438	2201	2238	2269
569	1182	1743	781	750	1172	730	670	640	612	1038	1078	460	505	478	509	424	923	978	160	219	110	168	174	339	181	0	174	31	184	340	346	194	70	201	433	339	178	192	919	988	265	595	535	1029	1100	627	807	754	732	795	815	864	923	877	858	940	921	939	981	984	1001	1041	1120	1093	1076	1434	1498	1409	1390	1684	1745	1489	1510	1540	1585	1654	1637	1647	1672	1703	1679	1669	1686	1717	1708	1718	1741	1804	1791	1825	2042	2099	1898	1967	1999	2105	2094	2116	2147	2322	2376	2205	2265	2296
580	1188	1762	855	828	1028	644	606	729	704	886	921	474	614	592	375	314	748	801	196	379	282	344	354	158	0	181	354	184	31	161	173	70	194	368	264	184	332	331	743	813	288	486	453	876	946	686	749	732	760	821	795	811	872	858	882	984	944	921	934	1005	984	997	1065	1056	1109	1328	1389	1367	1361	1595	1652	1493	1537	1565	1606	1683	1647	1637	1645	1676	1669	1679	1714	1744	1718	1708	1715	1771	1768	1849	1969	2022	1901	1998	2029	2076	2074	2145	2175	2258	2309	2208	2292	2322
633	1215	1793	944	919	914	604	591	832	810	763	791	538	733	714	302	285	598	648	321	529	438	500	512	0	158	339	512	340	161	31	70	173	346	522	141	128	482	476	592	662	384	432	434	752	820	770	732	749	817	874	811	795	858	872	932	1046	990	934	921	1049	997	984	1042	1047	1160	1250	1307	1348	1354	1531	1583	1515	1578	1604	1640	1723	1672	1645	1637	1669	1676	1703	1753	1783	1742	1715	1708	1757	1763	1885	1917	1967	1918	2038	2068	2064	2070	2182	2212	2213	2260	2222	2326	2356
625	1219	1758	729	697	1309	829	754	580	549	1184	1229	496	431	401	651	557	1089	1146	264	118	88	43	0	512	354	174	31	179	357	514	519	364	193	118	605	508	150	184	1092	1160	357	737	663	1190	1261	632	906	828	763	825	885	959	1013	943	887	946	949	1002	1068	1011	1061	1123	1209	1170	1088	1560	1626	1484	1454	1795	1858	1521	1519	1552	1600	1661	1662	1690	1730	1761	1722	1694	1693	1724	1733	1760	1798	1867	1845	1834	2138	2197	1927	1969	2001	2161	2142	2119	2150	2408	2465	2232	2269	2300
657	1255	1797	691	659	1276	791	714	542	512	1153	1200	454	395	365	622	525	1068	1126	233	79	63	0	43	500	344	168	73	180	350	505	513	362	202	159	601	507	185	218	1086	1154	380	750	680	1195	1265	671	932	858	799	861	916	985	1040	975	924	985	986	1034	1096	1049	1094	1153	1237	1200	1127	1579	1644	1515	1487	1819	1881	1559	1559	1591	1639	1701	1700	1727	1764	1795	1758	1732	1733	1764	1771	1796	1833	1900	1879	1874	2165	2224	1965	2010	2042	2196	2178	2160	2191	2438	2494	2270	2310	2341
640	1246	1796	701	670	1222	746	674	556	526	1096	1141	428	414	385	564	469	1005	1063	177	110	0	63	88	438	282	110	105	129	289	443	452	303	158	176	541	449	185	214	1024	1094	349	702	638	1140	1210	671	900	835	791	854	895	955	1012	955	917	986	980	1015	1069	1042	1076	1127	1209	1177	1126	1538	1602	1493	1468	1783	1844	1551	1560	1591	1638	1703	1696	1715	1748	1779	1747	1728	1735	1766	1767	1785	1817	1882	1865	1875	2135	2193	1959	2014	2046	2180	2165	2163	2194	2411	2466	2265	2313	2344
736	1335	1876	611	580	1254	751	669	463	432	1138	1188	395	316	285	611	511	1074	1135	229	0	110	79	118	529	379	219	149	239	391	538	551	409	267	236	642	553	264	298	1121	1190	454	813	748	1246	1317	749	1006	936	879	941	994	1061	1116	1053	1003	1063	1065	1113	1173	1128	1173	1230	1313	1278	1206	1648	1712	1593	1566	1891	1953	1638	1637	1670	1718	1779	1779	1806	1844	1874	1837	1811	1811	1842	1850	1876	1912	1979	1959	1952	2241	2299	2044	2087	2119	2275	2257	2237	2268	2514	2571	2349	2387	2418
716	1331	1896	663	635	1045	577	512	534	509	921	967	307	419	398	389	292	845	907	0	229	177	233	264	321	196	160	281	189	221	337	359	254	227	340	450	379	330	349	911	982	409	679	638	1066	1136	785	927	891	886	948	953	987	1047	1016	1011	1097	1074	1078	1108	1137	1141	1169	1243	1225	1231	1523	1584	1539	1526	1786	1844	1638	1665	1695	1738	1809	1788	1791	1809	1841	1823	1820	1841	1872	1859	1862	1880	1939	1931	1979	2156	2210	2047	2123	2155	2242	2235	2272	2303	2441	2493	2354	2421	2451
1175	1637	2193	1330	1317	488	685	765	1274	1265	344	307	947	1234	1228	555	654	70	0	907	1135	1063	1126	1146	648	801	978	1151	984	809	657	671	820	993	1169	621	716	1130	1123	383	410	1008	815	892	688	717	1347	1106	1202	1344	1387	1250	1158	1212	1300	1432	1566	1479	1351	1266	1526	1403	1322	1337	1388	1648	1302	1331	1622	1666	1608	1638	1900	2014	2032	2056	2150	2057	1979	1922	1953	2009	2086	2178	2204	2121	2045	1990	2012	2049	2292	2017	2048	2268	2452	2480	2310	2343	2583	2611	2324	2355	2552	2716	2744
1148	1629	2191	1260	1247	461	617	695	1205	1195	307	283	878	1166	1161	487	587	0	70	845	1074	1005	1068	1089	598	748	923	1095	931	757	610	627	771	942	1116	584	674	1079	1074	409	445	966	799	870	716	751	1316	1098	1186	1320	1366	1237	1153	1208	1289	1413	1545	1462	1342	1264	1511	1395	1321	1341	1388	1632	1331	1363	1632	1672	1638	1670	1898	2007	2026	2051	2145	2056	1984	1933	1963	2014	2085	2172	2199	2121	2050	2001	2026	2060	2289	2047	2080	2272	2449	2477	2326	2356	2582	2610	2354	2387	2560	2717	2745
889	1488	2065	724	704	753	331	307	640	625	629	678	312	583	575	102	0	587	654	292	511	469	525	557	285	314	424	572	445	342	316	355	379	474	622	415	410	602	612	755	824	602	716	717	979	1043	1000	1016	1025	1071	1131	1087	1079	1142	1150	1191	1296	1252	1212	1205	1313	1275	1268	1327	1331	1419	1518	1572	1633	1638	1806	1856	1791	1845	1872	1911	1990	1947	1926	1921	1953	1958	1978	2021	2051	2017	1997	1992	2042	2047	2155	2197	2245	2196	2305	2336	2349	2354	2451	2481	2494	2541	2502	2597	2627
931	1517	2096	801	783	662	307	316	727	715	532	579	398	680	673	0	102	487	555	389	611	564	622	651	302	375	509	665	527	400	332	370	432	552	709	410	430	685	692	685	753	659	717	732	929	990	1056	1027	1051	1115	1173	1112	1090	1153	1174	1232	1343	1291	1236	1216	1350	1298	1278	1331	1343	1460	1490	1540	1638	1649	1783	1831	1816	1880	1906	1943	2025	1974	1943	1931	1963	1975	2005	2055	2085	2043	2014	2002	2047	2058	2187	2180	2226	2219	2340	2371	2355	2364	2484	2514	2480	2524	2522	2628	2658
1021	1619	2155	331	299	1235	689	589	181	150	1149	1210	305	31	0	673	575	1161	1228	398	285	385	365	401	714	592	478	431	505	614	733	757	642	539	517	848	776	549	583	1295	1365	734	1066	1013	1464	1533	1031	1283	1219	1163	1225	1278	1339	1396	1338	1287	1343	1349	1398	1454	1412	1458	1512	1593	1561	1486	1909	1972	1877	1851	2162	2222	1922	1916	1949	1998	2056	2062	2091	2129	2160	2122	2094	2088	2119	2132	2161	2197	2264	2244	2230	2519	2576	2327	2362	2394	2560	2543	2512	2543	2796	2851	2631	2662	2693
1051	1650	2186	300	268	1229	682	581	150	119	1147	1208	301	0	31	680	583	1166	1234	419	316	414	395	431	733	614	505	462	532	636	752	777	666	567	548	867	798	580	613	1309	1380	762	1091	1039	1483	1552	1062	1311	1248	1194	1256	1308	1367	1425	1367	1318	1374	1380	1427	1482	1442	1488	1540	1622	1590	1517	1934	1996	1906	1881	2189	2248	1952	1947	1980	2029	2087	2093	2121	2159	2190	2153	2124	2119	2150	2163	2191	2227	2294	2274	2261	2546	2604	2357	2393	2425	2590	2573	2543	2574	2824	2879	2662	2693	2724
1023	1638	2202	414	393	931	389	292	329	318	845	907	0	301	305	398	312	878	947	307	395	428	454	496	538	474	460	524	491	504	565	599	542	530	604	679	638	610	636	1066	1136	716	953	927	1278	1343	1086	1222	1196	1192	1254	1258	1284	1345	1321	1317	1400	1380	1384	1407	1443	1446	1469	1539	1526	1536	1786	1844	1839	1830	2062	2117	1945	1970	2000	2045	2114	2095	2098	2113	2145	2130	2127	2146	2177	2166	2169	2184	2241	2235	2285	2441	2493	2354	2428	2459	2546	2540	2577	2607	2731	2782	2661	2725	2756
1391	1900	2466	1233	1227	181	555	654	1211	1209	70	0	907	1208	1210	579	678	283	307	967	1188	1141	1200	1229	791	921	1078	1241	1093	937	811	836	960	1112	1279	815	892	1249	1251	688	717	1175	1064	1126	994	1024	1549	1370	1449	1569	1618	1502	1427	1484	1557	1669	1796	1720	1611	1541	1772	1667	1599	1622	1666	1891	1608	1638	1914	1953	1915	1945	2175	2277	2297	2325	2417	2333	2265	2215	2246	2295	2362	2445	2472	2398	2331	2283	2309	2343	2564	2324	2355	2552	2723	2752	2609	2639	2858	2886	2631	2662	2841	2994	3023
1375	1898	2469	1165	1160	163	487	587	1146	1145	0	70	845	1147	1149	532	629	307	344	921	1138	1096	1153	1184	763	886	1038	1197	1054	904	785	813	929	1074	1239	799	870	1211	1214	716	751	1148	1060	1117	1023	1057	1528	1371	1443	1555	1606	1498	1429	1487	1553	1658	1784	1711	1610	1546	1764	1666	1605	1632	1672	1883	1638	1670	1927	1963	1945	1977	2178	2275	2296	2325	2415	2336	2273	2228	2259	2303	2366	2444	2472	2403	2341	2297	2325	2356	2565	2354	2387	2560	2724	2753	2627	2655	2861	2889	2661	2694	2851	2998	3027
1166	1767	2305	181	149	1212	664	562	31	0	1145	1209	318	119	150	715	625	1195	1265	509	432	526	512	549	810	704	612	580	640	729	832	860	761	676	666	948	886	696	730	1371	1441	873	1187	1141	1562	1630	1180	1418	1361	1311	1373	1421	1476	1534	1481	1435	1493	1498	1541	1592	1560	1602	1651	1731	1702	1636	2031	2092	2018	1995	2291	2350	2070	2066	2098	2147	2206	2211	2238	2274	2304	2270	2243	2238	2269	2281	2308	2342	2408	2390	2380	2653	2710	2475	2512	2544	2705	2689	2662	2693	2933	2988	2780	2812	2843
1196	1797	2336	150	118	1210	663	561	0	31	1146	1211	329	150	181	727	640	1205	1274	534	463	556	542	580	832	729	640	610	669	754	854	883	787	705	697	971	910	727	760	1389	1459	902	1213	1168	1583	1651	1211	1447	1390	1341	1404	1450	1504	1563	1511	1466	1524	1528	1571	1621	1591	1632	1680	1760	1731	1667	2057	2118	2047	2024	2318	2376	2101	2097	2129	2178	2237	2242	2269	2304	2334	2300	2273	2269	2300	2312	2338	2372	2438	2420	2411	2681	2737	2506	2543	2575	2736	2719	2693	2724	2962	3016	2811	2843	2874
1186	1791	2367	581	573	651	102	0	561	562	587	654	292	581	589	316	307	695	765	512	669	674	714	754	591	606	670	778	697	636	622	661	674	732	848	716	717	842	860	979	1043	889	1021	1024	1240	1298	1283	1323	1330	1366	1427	1392	1386	1449	1455	1488	1587	1550	1518	1512	1611	1581	1575	1633	1638	1715	1806	1856	1940	1945	2099	2147	2095	2143	2171	2211	2289	2250	2232	2228	2260	2264	2282	2320	2350	2321	2303	2299	2348	2354	2455	2494	2541	2502	2604	2635	2656	2661	2751	2781	2794	2838	2807	2897	2928
1220	1816	2394	678	672	549	0	102	663	664	487	555	389	682	689	307	331	617	685	577	751	746	791	829	604	644	730	852	756	673	635	674	709	788	916	717	732	906	922	929	990	931	1024	1037	1202	1258	1329	1333	1352	1402	1462	1414	1396	1459	1476	1522	1627	1583	1538	1522	1643	1600	1585	1638	1649	1750	1783	1831	1945	1956	2080	2126	2118	2175	2202	2240	2320	2275	2248	2237	2269	2280	2306	2351	2381	2345	2319	2308	2354	2364	2484	2480	2524	2522	2636	2667	2662	2671	2781	2811	2782	2825	2826	2927	2957
1532	2061	2631	1209	1208	0	549	651	1210	1212	163	181	931	1229	1235	662	753	461	488	1045	1254	1222	1276	1309	914	1028	1172	1325	1190	1049	937	967	1075	1213	1372	958	1025	1347	1353	868	898	1298	1223	1278	1175	1205	1682	1534	1604	1713	1765	1660	1592	1650	1716	1818	1943	1871	1772	1708	1925	1829	1767	1793	1835	2043	1789	1819	2088	2125	2096	2126	2340	2437	2458	2487	2578	2499	2435	2389	2420	2466	2529	2607	2635	2565	2503	2458	2485	2517	2728	2505	2536	2722	2886	2916	2787	2815	3023	3052	2812	2843	3013	3161	3189
1310	1914	2454	32	0	1208	672	573	118	149	1160	1227	393	268	299	783	704	1247	1317	635	580	670	659	697	919	828	750	728	780	854	943	974	888	817	814	1060	1006	844	877	1459	1528	1014	1314	1272	1667	1733	1328	1555	1503	1458	1520	1563	1614	1673	1624	1583	1641	1645	1685	1732	1707	1746	1791	1870	1843	1784	2156	2216	2159	2138	2421	2479	2218	2214	2247	2296	2355	2359	2385	2418	2449	2416	2391	2387	2418	2429	2454	2487	2552	2535	2529	2788	2844	2623	2661	2693	2850	2835	2811	2842	3071	3125	2929	2961	2992
1341	1945	2486	0	32	1209	678	581	150	181	1165	1233	414	300	331	801	724	1260	1330	663	611	701	691	729	944	855	781	760	810	882	969	1000	917	847	846	1085	1033	875	908	1479	1548	1044	1341	1301	1690	1756	1360	1585	1534	1490	1552	1594	1644	1703	1655	1614	1673	1677	1716	1762	1739	1777	1821	1899	1874	1816	2183	2243	2190	2169	2450	2507	2249	2246	2279	2328	2387	2391	2416	2449	2480	2448	2423	2419	2450	2461	2486	2518	2583	2566	2561	2818	2873	2655	2693	2725	2881	2866	2843	2874	3101	3154	2960	2993	3024
1184	579	0	2486	2454	2631	2394	2367	2336	2305	2469	2466	2202	2186	2155	2096	2065	2191	2193	1896	1876	1796	1797	1758	1793	1762	1743	1727	1712	1731	1763	1725	1693	1673	1640	1701	1665	1614	1583	1836	1844	1489	1411	1370	1586	1602	1126	1097	1045	1010	948	984	1040	983	924	885	812	822	864	927	759	805	872	868	805	670	1172	1210	646	563	1042	1094	293	242	207	158	123	140	295	446	440	285	119	100	84	99	278	435	512	411	100	997	1063	217	260	287	605	526	392	421	1071	1141	488	533	563
615	0	579	1945	1914	2061	1816	1791	1797	1767	1898	1900	1638	1650	1619	1517	1488	1629	1637	1331	1335	1246	1255	1219	1215	1188	1182	1188	1151	1157	1185	1147	1118	1112	1103	1123	1087	1070	1037	1296	1315	922	838	792	1082	1113	595	531	466	456	394	406	479	430	347	333	320	272	289	385	212	234	346	389	292	199	845	907	398	312	878	947	307	377	398	428	517	459	473	537	565	504	491	546	574	530	542	599	679	637	672	1066	1136	716	828	858	953	926	969	998	1278	1343	1023	1112	1142
0	615	1184	1341	1310	1532	1220	1186	1196	1166	1375	1391	1023	1051	1021	931	889	1148	1175	716	736	640	657	625	633	580	569	596	538	550	606	572	512	499	517	576	511	476	441	921	967	307	388	292	845	907	187	329	208	184	242	261	365	407	318	302	413	364	377	455	425	437	505	596	547	530	1008	1077	860	830	1204	1270	922	957	986	1027	1103	1072	1078	1108	1139	1110	1104	1134	1165	1143	1149	1177	1243	1225	1270	1523	1585	1331	1418	1450	1540	1526	1565	1596	1786	1845	1638	1712	1743