kroA100 Distance Matrix (Upper Triangular, 100 cities, Euclidean)
Row i, Column j: distance from city (i+1) to city (101-j), j=1..100-i
Column order: city 100, 99, 98, ..., 2

  1: 2643.4941 1468.2524 782.6525 814.8773 2376.6836 2431.1347 1358.8480 412.9758 302.5525 752.9734 643.7701 806.4899 1219.4466 1254.9283 1508.3004 1733.8411 888.4740 1715.5515 2186.0723 1219.5921 862.9745 1007.9112 2442.3276 1048.4293 2648.7238 628.0462 941.9820 1531.1597 801.5385 2635.2831 1386.5591 1240.5035 1617.6928 593.1888 1286.4389 1250.2340 1365.6621 288.0868 1259.6591 1043.2186 1152.2890 1030.8972 718.2291 1359.8176 795.3427 1707.5462 1394.1797 1010.4514 2474.0517 1128.6895 1706.5723 442.2895 2522.6329 429.1969 2114.6863 923.0179 1668.3944 2250.8598 661.4605 2697.5991 1358.1064 2102.3142 1224.8265 2518.1950 1172.7105 1576.1183 1803.8697 2640.8518 790.2259 886.7130 2144.5745 2080.5040 415.6369 1571.5597 1510.6386 1194.0205 1206.0667 882.2205 1329.5311 885.1130 1404.8434 813.7057 1167.4695 1017.5289 1259.3562 1014.7537 2378.3702 2553.8451 1546.9922 902.2694 749.1061 1424.0593 424.5374 1446.7654 396.8526 2522.8145 1103.6095 2252.2709 1692.8299
  2: 1830.8053 3155.9937 1911.4110 2093.0361 1200.9413 793.7714 2963.1330 1399.7464 1769.4691 1978.3210 2301.7986 1419.5087 2806.4335 1218.5007 1752.0722 832.3136 2581.3006 1513.2250 569.9412 842.6304 1670.0048 2647.1124 1262.3332 1663.8597 1045.0172 2076.2122 2543.9066 462.2434 2458.6470 1901.8144 2887.4426 573.2661 710.5385 1102.7429 2618.4870 2526.6583 331.7167 1979.1981 1802.5426 1006.1064 1851.1567 2626.0739 1160.7007 1400.3889 1902.7898 1529.0798 331.3035 2577.2514 1302.2922 1146.9634 416.1250 2094.2734 1595.6065 1932.6171 1636.4978 2124.2140 256.5638 1834.5454 1536.0602 1984.4541 336.5056 961.1379 2917.2571 1143.1242 2857.5691 1893.0806 1451.4796 1069.3180 2165.9178 1592.3847 1190.7447 1500.9664 1363.3653 1737.3373 2670.9706 893.0711 2894.5556 1921.4333 2896.7475 2501.8425 1603.2417 2310.2160 2836.8913 2455.0959 2830.6150 2445.8132 1661.9850 969.7515 1606.4881 2358.8355 2441.8315 1342.5051 1619.8410 1391.8064 2056.6130 1185.9595 2402.8161 1708.4698
  3: 454.2785 3314.9155 1786.2354 3018.3766 826.4605 1633.1822 3554.4339 1845.7987 2515.4630 1885.1061 2842.3828 2587.0698 3435.2621 1001.0000 926.7416 880.5708 2913.1718 552.9530 1530.8886 1192.8206 2811.8081 3193.3608 832.6632 1333.0146 1615.0697 2870.3383 2582.7478 1287.3919 2640.3765 401.0050 3630.5771 1423.7812 1020.7850 1872.4062 3529.2012 3479.7019 1650.5287 2473.6988 1227.8929 1275.4674 1377.6306 2625.8380 1572.4723 902.6561 2916.6176 567.1208 1827.9434 3246.1781 823.3104 1137.9490 1292.6535 2669.8015 507.0552 2138.5738 139.2623 1895.6798 1452.2507 171.0263 2591.8816 450.7871 1730.9676 850.5651 3215.8837 1133.3817 3047.0002 983.2462 448.4128 1532.9220 2086.7786 2769.9487 592.0845 214.0210 1855.7764 846.1324 3716.8310 1183.9430 3245.7198 1703.4697 3551.5412 2582.1629 934.0134 3065.9754 3286.3848 2292.5534 3482.2766 2279.5274 221.2984 1532.6542 782.4660 2264.7300 2793.5103 829.1906 2501.8977 811.3211 2622.8061 1073.7360 3332.9233
  4: 3701.2464 1498.5516 1821.0308 324.2299 3344.2047 3196.2744 784.6235 1491.4842 819.3192 1760.3162 747.4664 992.3628 644.0497 2332.1546 2611.0565 2712.5518 1061.2332 2808.1056 2965.1580 2215.7737 758.0218 718.3572 3412.1035 2147.8049 3443.8235 477.2002 1507.7825 2416.4048 1293.3870 3704.4618 554.4763 2132.5292 2575.0573 1502.0682 216.1134 147.1768 2131.2402 973.9035 2353.3944 2076.1081 2235.1528 1572.7788 1763.0113 2454.4380 500.3719 2801.6224 2071.5803 497.6364 3447.6847 2195.7746 2568.8178 785.4947 3555.8607 1394.7229 3197.5616 1895.4978 2479.0018 3343.3690 867.6820 3771.1119 2087.3018 3060.9889 1189.6731 3428.1803 1336.0135 2674.0757 2886.5239 3458.9160 1696.5627 844.3518 3152.2998 3149.9563 1478.0487 2675.0555 417.0623 2203.6862 1101.3106 1928.3747 660.8669 1444.9211 2508.2115 372.3399 928.9031 1789.4896 624.7720 1794.2745 3441.6097 3362.0513 2649.1389 1695.4174 1030.0689 2511.7096 850.7185 2538.4247 822.1253 3447.0255
  5: 894.1521 3863.2675 2373.9149 3124.0391 253.1403 670.5468 3879.3037 2128.8142 2701.2962 2468.0750 3166.4171 2515.8905 3734.7194 1442.0832 1738.2684 805.3484 3354.7359 1319.4885 704.4949 1310.2465 2768.4754 3530.7257 242.1673 1957.6284 564.0222 3049.3470 3156.8467 1030.6741 3145.4260 1007.2626 3869.0083 1316.7057 905.8063 1971.1119 3661.4524 3583.5069 1349.9985 2799.7366 1965.2837 1506.1109 2087.7263 3221.8634 1818.4900 1499.5229 2961.8624 1342.8272 1468.3739 3515.5974 259.2393 1498.0404 887.0287 2964.1223 652.1503 2591.8775 1107.0795 2548.3691 1007.2462 1244.7397 2593.8815 1079.0820 1413.0166 437.3854 3688.5646 69.2315 3569.1233 1851.2250 1178.0717 474.6588 2683.1213 2700.6386 553.1663 972.7487 2113.8271 1675.5241 3765.1380 1343.5014 3691.8169 2328.6447 3839.7534 3135.4036 1655.7307 3277.0075 3681.0287 2946.5431 3770.0983 2934.4032 890.9063 502.3326 1552.6184 2883.2837 3218.1953 1400.1214 2605.8175 1423.9891 2919.3522
  6: 3024.6992 1154.0455 1002.9601 609.5843 2773.2423 2811.4800 962.2515 804.2046 329.0745 938.8701 249.3271 942.6484 825.1121 1633.8436 1830.2989 2130.5025 560.9724 2078.0108 2567.1595 1616.2676 886.4880 611.6576 2838.7673 1361.3787 3034.3121 374.2325 802.8860 1922.5738 604.4667 3011.4105 1007.9216 1630.6063 2014.4424 973.5363 970.2706 960.0255 1735.6224 157.2578 1555.5260 1437.6136 1428.7428 886.0006 1113.1150 1722.4784 697.6890 2068.1320 1745.0287 623.9102 2870.3073 1513.7794 2096.3122 47.0744 2911.4788 574.1864 2484.1663 1074.2411 2050.5336 2610.4777 764.2944 3071.1765 1720.1177 2499.1521 878.0091 2914.2014 876.6219 1879.6109 2175.1253 3029.2854 880.7775 944.0339 2538.5610 2458.4729 811.0055 1899.7989 1238.9984 1590.1135 843.2823 1110.7858 937.2433 737.1302 1743.5553 473.7014 781.9520 1012.3542 867.1390 1014.6768 2758.1198 2940.7783 1891.7783 907.1813 436.0229 1793.8542 533.6703 1812.3074
  7: 1231.3476 2544.2313 1009.7569 2229.6020 1196.3382 1707.4197 2744.0164 1046.9408 1719.1079 1108.9531 2031.0810 1867.1818 2624.0000 237.9937 369.4320 714.1940 2112.2746 269.6831 1508.6239 593.6708 2071.4181 2382.8565 1245.8290 560.0161 1810.5204 2070.0164 1814.3649 934.8476 1850.6026 1205.2307 2820.2248 895.3173 740.9453 1130.6817 2729.8866 2685.5772 1187.4717 1662.5691 541.6133 561.8051 666.1081 1866.8307 800.2356 93.0484 2144.6725 264.1515 1362.0620 2435.2975 1263.3962 382.7819 1051.9815 1859.2520 1164.6051 1332.8841 672.3095 1153.7348 1165.0107 805.0963 1843.6941 1261.2997 1258.7919 1005.7261 2423.1983 1453.6753 2265.8129 508.9921 366.8951 1756.4066 1320.1231 2040.9473 894.8799 663.1930 1062.0151 345.6848 2931.3159 555.7922 2447.7853 942.2510 2740.2279 1806.2040 242.2003 2259.7745 2480.8315 1557.7115 2670.9556 1545.0065 963.3509 1709.0363 216.1134 1511.0923 1989.2054 50.2494 1724.8403
  8: 2857.2688 1683.7366 1199.8054 527.0569 2495.6660 2402.8400 1345.7860 696.6039 206.3056 1175.9239 738.8748 416.3292 1187.7651 1506.3602 1849.7962 1862.1302 1092.4770 1992.9940 2163.9834 1365.7763 438.5077 1047.8516 2563.4297 1411.5594 2641.0941 456.9836 1291.3288 1577.3452 1113.8007 2865.0531 1275.7312 1289.1257 1725.7792 651.4637 1061.0754 993.6201 1320.9591 554.0487 1630.7179 1233.1054 1539.0159 1379.0783 930.4069 1646.5358 420.6400 1988.8917 1293.2088 958.1753 2598.6589 1365.0568 1736.7490 553.1763 2706.7680 849.7635 2369.0103 1347.3121 1660.6758 2524.4694 247.7781 2933.7834 1288.8200 2212.8861 1397.2430 2590.0290 1410.0901 1934.2970 2059.7111 2648.0215 1210.8893 464.9688 2301.6672 2312.6463 670.8577 1904.6427 1216.0037 1355.0590 1350.9882 1295.3907 1276.9154 1228.3277 1728.8438 691.0347 1257.1321 1421.9511 1210.8419 1420.5355 2600.3217 2553.9336 1858.8418 1307.4685 969.6927 1693.3839
  9: 1240.4161 2546.2144 1013.9842 2201.1815 1176.4778 1668.2617 2730.5056 1020.7693 1692.6066 1112.7632 2015.5210 1827.8876 2608.5822 195.4891 415.4094 675.8831 2105.5472 299.9233 1466.8064 543.7371 2034.6174 2369.3248 1227.7316 569.5726 1776.0149 2045.1095 1817.9453 886.2759 1848.3682 1219.0595 2801.4948 845.1852 696.5809 1092.4404 2704.7932 2658.7986 1137.2265 1645.4790 569.5261 517.3490 687.6082 1872.3440 765.8734 99.7647 2112.5967 297.5584 1311.8758 2417.4468 1246.6455 341.6972 1005.6838 1840.8729 1163.5979 1324.5471 690.9740 1165.0876 1116.8818 832.3251 1807.6374 1277.4357 1208.5909 977.4917 2419.3563 1427.8785 2265.5359 555.7140 381.2834 1723.4875 1325.4735 2002.8083 878.0803 671.2526 1033.9927 394.8329 2902.3969 506.3201 2442.0295 950.8533 2724.3704 1807.9735 281.3112 2237.6564 2471.4692 1568.6045 2654.9104 1555.9981 972.2603 1674.2073 266.2705 1518.6260 1980.8920
 10: 3220.4399 725.8271 1035.7051 933.7735 3050.3398 3172.5586 791.7702 1095.5624 764.6973 945.0106 300.0267 1376.9394 713.0848 1848.4115 1926.3712 2415.4140 140.0357 2240.5644 2927.2526 1908.6899 1301.6240 454.2345 3113.2832 1469.7061 3383.7485 712.1980 480.5851 2259.1844 269.6516 3192.0265 969.9289 1973.3983 2315.1885 1340.5540 1102.3906 1136.8909 2114.0078 465.4654 1626.0163 1712.7793 1481.2704 542.7200 1401.8620 1896.2637 1078.6445 2226.8942 2141.9760 617.2876 3141.8243 1749.7714 2437.3873 420.5948 3136.0078 656.4099 2654.4804 1017.2089 2409.8440 2755.6680 1197.6018 3244.0427 2107.2107 2786.9512 478.4809 3220.1394 441.1916 1944.7265 2355.7627 3371.0998 795.6161 1366.0234 2792.8552 2651.6495 1117.5947 2003.3971 1416.4043 1874.7098 473.6254 1136.5549 829.6077 420.3867 1871.2148 664.2537 493.3771 794.7685 769.8013 802.1727 2952.3362 3286.9842 2024.6553 721.2614
 11: 2712.8725 1053.2298 509.7342 1516.3196 2679.0903 2984.6008 1491.4644 982.1532 1127.8174 415.4961 954.1122 1707.3043 1430.2363 1442.3387 1346.0015 2088.9837 781.2196 1725.0012 2745.8962 1638.2506 1733.5377 1173.3648 2735.0558 951.1561 3158.0158 1280.1125 328.6944 2054.6581 467.0867 2664.7478 1690.7951 1807.7536 2027.1162 1324.6060 1800.8834 1819.1385 2031.8634 791.7676 1039.2329 1431.6162 888.3805 361.2714 1199.9654 1421.5266 1592.1369 1706.9669 2118.4034 1334.0442 2757.1525 1391.6041 2231.7269 931.1810 2672.8870 485.2422 2130.1361 370.0054 2252.6096 2196.0009 1553.6692 2705.4643 2052.7779 2446.6518 1004.9726 2899.6779 804.4800 1329.0798 1859.0245 3126.6346 201.8539 1771.0071 2390.6840 2158.9917 1026.0780 1427.0172 2102.4255 1592.2704 1060.3174 569.0141 1544.6129 348.9312 1334.1518 1323.9641 1161.2343 115.2606 1487.7110 113.0708 2450.3112 3056.0865 1483.0661
 12: 1229.9935 2532.4778 1005.5605 2348.6038 1312.4938 1889.6479 2797.8486 1166.2770 1832.6879 1104.0009 2096.9323 2033.1003 2686.4015 435.7844 185.9704 899.5521 2140.1600 250.8745 1700.4026 807.3723 2226.2309 2438.2371 1354.7092 555.6447 1975.9658 2174.9494 1800.2847 1147.9656 1861.1977 1183.2641 2896.0761 1109.8766 943.4008 1296.0872 2833.1287 2796.1205 1403.0025 1737.5514 452.0929 756.1283 598.8197 1843.9490 955.1178 240.7509 2279.3694 229.9239 1576.9115 2508.7911 1366.9312 570.7372 1258.8137 1938.0787 1207.3591 1375.1818 647.0927 1114.8421 1376.8025 731.0164 1996.1836 1227.8249 1473.7842 1154.6125 2437.0320 1589.2165 2265.1731 312.1955 395.4099 1916.3144 1304.3450 2201.4888 1005.1990 685.8105 1188.3539 136.4881 3050.3731 767.6067 2469.6963 921.0917 2804.0874 1800.0011 153.5839 2352.0872 2518.0032 1514.4438 2735.8584 1501.4560 969.1491 1876.0091
 13: 1395.5451 3971.8472 2557.7353 3047.1708 715.4369 215.6409 3880.2027 2195.0818 2682.3037 2644.3192 3189.9945 2386.2567 3727.5843 1660.7619 2059.7196 1002.7263 3426.6370 1670.7519 399.8462 1419.3238 2637.9026 3547.6203 730.0336 2186.8400 102.8251 3009.9796 3298.3943 1028.4090 3254.7425 1507.0607 3829.4440 1314.3302 1033.0077 1967.4166 3578.1364 3489.3209 1234.1872 2840.7198 2240.2022 1626.4932 2342.8071 3371.6397 1900.2284 1767.7865 2863.7118 1693.5492 1296.4459 3501.0080 755.0079 1674.8388 849.6317 2982.4361 1150.5138 2702.5331 1541.7175 2751.8279 894.9106 1701.2775 2494.4709 1580.2139 1274.7619 733.4848 3765.0531 433.1755 3672.7245 2186.9074 1542.6539 100.6628 2854.3584 2561.2780 956.6217 1397.1407 2170.0804 2008.7571 3639.8893 1464.1755 3755.4869 2531.7638 3824.3938 3267.8326 1950.9408 3243.3982 3720.4852 3133.5746 3756.4761 3122.3068 1370.3722
 14: 268.1679 3495.9911 1962.0301 3122.9041 655.0801 1490.6203 3701.4912 1967.0770 2629.4382 2061.3801 2984.5511 2652.8696 3577.3752 1124.4634 1125.8797 863.0203 3075.6113 725.5811 1415.4112 1254.7828 2885.9165 3340.3967 649.0585 1507.4551 1446.3267 2986.9558 2763.8388 1273.9800 2811.1202 267.5519 3763.3465 1450.6743 1013.8762 1958.1808 3642.5579 3587.5563 1647.5394 2612.6586 1420.2739 1367.2308 1567.9493 2810.4836 1679.3153 1056.3811 3008.8411 743.3472 1819.1482 3381.9392 633.5148 1250.9600 1248.3597 2805.1932 287.5865 2295.9366 329.9530 2083.2794 1410.1152 379.3481 2672.0047 343.6335 1727.4519 740.6484 3385.0591 954.5098 3222.9131 1192.5586 598.0209 1360.5811 2267.4007 2838.5054 482.3743 301.0415 1972.4566 1046.5606 3816.0328 1254.7709 3410.8723 1884.4256 3692.4079 2760.0569 1116.1980 3190.1072 3443.4881 2483.5801 3622.6842 2470.5951
 15: 2730.5637 1057.6512 565.1000 1622.8524 2724.8945 3056.8044 1555.1170 1080.5998 1240.4519 478.8737 1049.4880 1820.1222 1502.9694 1492.3813 1354.8893 2146.0559 848.0666 1747.3969 2819.8874 1708.1686 1846.2898 1248.9075 2779.3418 986.4264 3224.5876 1386.3942 364.9178 2129.6068 538.1645 2677.8499 1767.3214 1889.4422 2090.6805 1425.2944 1893.3705 1915.4112 2120.7852 902.7032 1051.7005 1502.7042 902.7652 370.4727 1285.2222 1457.5037 1702.5760 1728.4481 2212.2577 1418.8168 2800.1666 1451.1613 2305.3126 1037.1022 2700.7884 595.1848 2146.9227 391.2812 2332.0345 2203.0036 1666.7336 2715.5235 2144.2262 2499.0398 1042.7008 2953.0989 830.8315 1326.2172 1884.7103 3190.6998 280.0321 1884.0215 2432.3826 2183.2494 1125.4301 1436.0226 2198.4090 1661.0027 1105.6012 606.9234 1615.3575 402.2263 1355.9506 1422.1392 1219.4466 13.0384 1560.8539
 16: 3889.7744 950.9621 1780.8989 804.5552 3633.0551 3611.1009 160.7047 1670.4805 1075.3753 1696.6216 640.1016 1495.1990 58.1378 2499.2289 2656.6332 2990.0885 714.5824 2933.6484 3370.5801 2476.3071 1301.4104 315.6279 3699.1850 2189.9941 3845.8419 755.7910 1211.1367 2756.8127 1023.1373 3873.8437 214.8488 2464.0757 2868.8541 1802.5152 534.1957 630.8922 2527.8103 1010.0317 2365.2892 2302.5701 2226.0710 1247.6157 1977.5836 2579.8671 1020.6547 2922.5475 2503.8660 255.6912 3731.4986 2380.7398 2924.8496 820.2890 3778.6158 1367.0903 3343.2254 1783.5437 2861.5719 3462.0803 1333.6881 3931.9696 2498.6871 3356.2504 674.1113 3761.2764 876.6208 2688.4845 3035.9513 3848.7660 1562.8682 1387.5482 3403.9239 3322.4414 1674.9878 2730.4567 839.8030 2452.4390 578.0701 1885.9101 70.1783 1162.0108 2584.5319 523.3211 399.4058 1552.2168
 17: 2743.5743 1044.8885 576.6420 1620.0864 2737.2578 3067.6123 1545.5177 1088.0156 1240.8904 489.8020 1044.1767 1822.4623 1494.2988 1504.4946 1367.9273 2157.8605 839.0310 1760.3437 2830.5358 1719.0841 1846.8492 1240.6208 2791.7652 999.0320 3235.8333 1383.5827 354.1539 2140.1367 529.9179 2690.8842 1759.0364 1899.2972 2102.0859 1432.3303 1887.3458 1910.0812 2129.8009 901.8852 1064.7216 1513.5026 915.7647 358.2401 1294.6019 1470.1446 1701.3656 1741.4066 2220.5733 1411.6675 2812.6374 1462.7621 2315.9724 1034.2616 2713.6662 599.4706 2159.9354 404.0111 2342.1539 2216.0381 1668.3756 2728.5619 2152.8967 2511.1053 1031.3026 2965.1282 818.9121 1339.1975 1897.6103 3202.1176 289.1781 1885.1284 2444.8896 2196.1794 1132.6857 1449.0607 2192.9934 1672.0048 1094.6579 619.3174 1606.4501 392.6220 1368.8915 1417.2713 1209.4462
 18: 3711.6476 572.5522 1525.9056 996.8350 3522.2408 3593.2371 341.9196 1552.2841 1076.7456 1433.1957 535.0934 1615.1053 346.1748 2334.4533 2418.0829 2882.9405 386.8036 2733.4787 3348.7766 2371.3562 1468.6987 229.6519 3586.2489 1962.9358 3814.6985 853.7968 857.3243 2698.6006 697.2525 3684.5312 612.0825 2407.8875 2775.3964 1754.4327 899.0673 977.8804 2517.2882 883.2401 2116.2098 2181.4789 1970.0571 879.9318 1863.0904 2387.9902 1198.4094 2719.9583 2521.9663 433.1293 3615.9222 2230.7284 2873.9617 742.8466 3622.8398 1148.1572 3147.2968 1490.7250 2831.8307 3249.0191 1438.2771 3737.0066 2500.4232 3254.0882 276.8483 3679.4419 478.9791 2432.7930 2847.6013 3808.0474 1269.5385 1548.5661 3271.9635 3142.6085 1567.8434 2495.5362 1218.2496 2340.5384 181.3395 1624.7664 431.6133 817.6650 2364.5448 671.0961
 19: 3454.2938 1209.6851 1475.7134 325.8619 3151.9369 3093.8230 667.4706 1223.0585 576.9445 1408.7867 375.5862 979.6147 506.7435 2067.9444 2298.4440 2510.9656 711.0000 2528.0672 2854.6322 2001.0317 806.1129 441.4907 3218.9435 1830.4112 3331.3008 234.0790 1138.3203 2254.9344 923.6433 3448.1879 592.0008 1963.3950 2382.9731 1306.0750 497.1157 497.1117 2011.5094 630.6005 2027.7598 1840.5586 1902.2284 1205.7238 1517.5836 2172.0785 530.0840 2519.5549 1982.3996 279.8732 3252.6219 1939.2630 2419.1986 431.8020 3326.1380 1046.2070 2928.3738 1535.8219 2349.1533 3062.9308 813.2607 3511.0164 1979.8308 2871.8162 896.4201 3264.8616 1007.9251 2351.3953 2617.5754 3336.8496 1331.9137 889.1395 2937.1954 2893.1218 1218.7604 2366.3459 780.1859 1981.8925 819.4986 1583.6224 587.5543 1074.8107 2206.1809
 20: 1379.0576 2381.7724 852.6781 2211.0305 1422.2644 1949.0472 2645.3047 1033.1554 1694.1727 951.3285 1946.1133 1921.8150 2534.7830 390.1282 155.4252 956.0596 1986.5772 391.4920 1748.0529 775.3412 2106.6988 2285.9545 1468.4158 402.0609 2052.3072 2032.8072 1649.4572 1154.2500 1708.0120 1335.0034 2746.3163 1077.0042 976.5659 1188.4452 2689.6933 2654.9806 1374.0524 1588.6778 315.8354 686.7212 455.9265 1694.5489 844.0770 203.7474 2148.6258 372.9303 1542.0538 2358.8559 1483.3385 501.8815 1282.0764 1789.6606 1346.4650 1222.4373 797.5644 967.3371 1386.5500 884.5095 1875.8531 1380.6267 1440.4013 1243.5570 2283.8242 1688.0418 2113.0085 293.0154 530.0802 1997.4546 1153.1730 2085.8152 1116.9355 827.3742 1058.1857 180.5685 2911.9595 730.0027 2316.1908 769.7961 2652.6006 1648.1747
 21: 3025.3344 738.2412 798.1103 1316.8022 2943.9273 3178.1430 1152.9115 1102.4346 1027.1889 698.7203 700.1578 1644.1889 1103.9588 1708.9061 1674.0553 2332.0485 447.5992 2035.2184 2935.0286 1852.1992 1619.4135 852.9971 3002.8049 1252.6217 3368.2086 1083.6609 66.0076 2246.8620 151.7135 2983.1222 1370.7505 1979.4509 2253.9816 1415.7295 1522.7771 1555.7718 2170.2544 674.4427 1366.4348 1645.9945 1215.6303 150.8642 1372.4147 1714.3048 1432.2182 2018.5076 2231.7047 1034.5671 3027.4090 1637.7439 2426.5020 745.0671 2970.6632 571.3572 2445.5962 705.0879 2426.8978 2522.3523 1473.9149 3027.3054 2179.0576 2698.1924 657.1674 3146.3015 465.9667 1666.8491 2163.8468 3344.2920 496.7897 1671.4978 2665.3527 2464.2930 1138.5662 1754.4586 1836.1579 1810.4784 711.4183 879.0688 1215.0202
 22: 3959.5467 963.9678 1846.2031 859.6243 3703.0844 3678.2013 133.6451 1740.6493 1144.0092 1761.1417 709.1862 1554.3825 118.5960 2569.0718 2723.7226 3060.1281 767.5239 3002.6602 3437.9594 2546.3802 1355.9771 376.9695 3769.2340 2257.4917 3913.5182 820.9537 1262.4013 2825.8629 1078.6867 3943.3514 186.1317 2533.1727 2938.7189 1871.7361 549.1812 652.3343 2595.0434 1079.7541 2431.5382 2372.7461 2291.7236 1295.6427 2047.7578 2649.0581 1075.6026 2991.4694 2569.5214 324.5813 3801.5730 2450.7789 2993.6015 890.4095 3848.7091 1434.1273 3412.4655 1845.3599 2929.5203 3530.7173 1394.9297 4001.3248 2565.2996 3426.1891 700.2578 3830.7656 910.5323 2754.4408 3105.3607 3916.8642 1624.2789 1442.5065 3474.1003 3392.1147 1745.1616 2797.7936 842.3265 2522.5705 604.8223 1950.8542
 23: 2148.4548 1612.0428 107.9352 1674.1332 2117.9806 2478.3287 1926.2401 702.2848 1180.8577 191.6351 1266.8153 1621.6698 1832.3048 887.3928 798.9124 1545.2870 1239.8972 1158.8581 2246.6653 1132.8566 1729.4398 1575.3127 2172.4569 382.2368 2634.4405 1458.5284 879.7210 1563.5041 947.2745 2104.3431 2066.9574 1350.2963 1498.8052 1029.8913 2080.6864 2069.1341 1610.9755 955.5862 493.0416 934.1370 345.3245 926.8840 785.4935 853.1500 1676.7722 1141.4749 1729.3698 1683.0796 2193.4341 856.9767 1733.8956 1151.8233 2104.0290 537.6291 1567.3484 220.8099 1778.3467 1644.3117 1510.6346 2148.2383 1647.9836 1894.1183 1521.9346 2348.4874 1344.6252 808.2821 1291.0356 2596.6511 383.3771 1739.5692 1825.8677 1591.3196 749.0961 878.4287 2345.1247 1083.2885 1560.3750
 24: 3678.5894 397.3361 1466.8960 1144.0227 3523.3178 3636.7685 500.9920 1567.8297 1159.0362 1370.6064 612.4124 1728.5315 526.2746 2315.8800 2358.9042 2888.9697 338.9174 2693.3611 3391.5915 2382.2229 1599.8800 386.2642 3586.0487 1914.3712 3851.5302 979.4003 740.7705 2728.7296 613.9422 3645.7891 788.3787 2441.1968 2788.6328 1799.0937 1079.5045 1156.2154 2569.9261 917.9897 2053.3767 2186.3618 1904.5265 748.9539 1875.1133 2354.7393 1337.2154 2678.6274 2586.7451 603.6796 3614.3338 2220.6830 2906.2725 810.6300 3601.4447 1120.2076 3107.2298 1408.0160 2873.8707 3199.3795 1549.1937 3695.1441 2558.4527 3260.4947 96.0469 3693.6276 313.4023 2363.6417 2813.0739 3840.6126 1190.5310 1676.6648 3263.8623 3110.9780 1588.4599 2437.8763 1399.2970 2348.3347
 25: 1505.9615 2528.2152 1098.5973 1881.4144 1183.7314 1397.0558 2552.3293 789.5176 1407.6111 1182.2123 1833.7025 1403.6983 2413.3315 340.2117 884.2992 542.4408 2011.2715 764.2316 1163.5175 51.4782 1632.3394 2198.3676 1248.8847 780.8617 1565.9173 1765.3614 1838.0492 483.8026 1809.0254 1521.8732 2569.4375 347.0014 444.5278 706.2082 2410.1689 2347.9289 644.1522 1462.8455 909.4790 164.7119 963.7557 1909.4125 478.2823 535.7285 1757.0785 771.1141 812.8628 2201.3280 1280.2066 254.2302 650.7596 1636.0248 1352.1775 1254.1312 1062.2622 1299.8711 708.4667 1242.4110 1417.2357 1594.4811 710.7208 913.5918 2345.5628 1346.7387 2231.7027 1023.0005 774.4966 1536.6968 1390.6919 1587.5607 955.3036 980.2061 779.1643 885.1311 2567.2748
 26: 4071.9946 1786.1120 2237.8651 702.1595 3679.4358 3462.0521 975.5537 1886.5593 1217.8690 2177.3695 1148.9547 1255.8268 882.1638 2718.6592 3018.8072 3058.6837 1427.2663 3200.7265 3240.1860 2574.9505 1002.8838 1043.3485 3747.5807 2558.1292 3715.8188 890.0208 1896.9884 2737.5867 1684.5952 4080.9913 669.1644 2463.0570 2915.9549 1861.0991 323.1996 283.3408 2425.9810 1390.9540 2765.9248 2448.9463 2649.7255 1956.1769 2144.3904 2849.4780 812.5029 3195.2923 2343.6301 825.1091 3784.3331 2579.0884 2879.3812 1201.8157 3915.9740 1811.7839 3583.1423 2311.6845 2775.7041 3734.7017 1173.2694 4149.7819 2373.4869 3395.8519 1493.8276 3741.2946 1670.4912 3085.2958 3273.0208 3738.7764 2110.9552 1078.6348 3504.5669 3528.6133 1869.3670 3081.1688
 27: 1299.7204 2480.0454 971.3933 2381.4057 1432.2475 2025.0847 2785.0637 1208.1958 1864.2001 1067.2793 2094.7783 2102.2564 2679.5242 546.7952 81.1542 1035.7727 2113.5208 358.4536 1836.7820 927.3710 2285.9626 2427.7004 1471.8057 540.7735 2108.3060 2198.6237 1749.9949 1280.4351 1825.4840 1242.3337 2897.4268 1230.4881 1079.3785 1369.0015 2853.2832 2821.4891 1525.6569 1743.7024 388.2898 857.4223 539.3348 1788.1233 1024.6448 349.5941 2323.7629 335.4072 1697.4631 2509.8215 1482.0864 671.2526 1394.1080 1945.3791 1299.0246 1363.8453 717.6810 1057.0118 1510.2013 769.0163 2055.0061 1279.6300 1594.8094 1284.3742 2400.3633 1714.1581 2220.4166 178.2162 503.8432 2047.4164 1257.7460 2265.7846 1124.9356 778.0521 1234.6894
 28: 2235.8983 1808.1795 683.6966 1167.5877 1962.6311 2061.2098 1773.1762 47.6760 659.6969 709.6626 1054.8829 905.2845 1634.9593 854.7848 1181.7902 1320.2473 1256.9566 1331.5423 1816.1503 806.3107 1060.0627 1419.6073 2027.9788 760.4854 2267.4223 1015.3325 1181.6819 1141.8581 1099.2443 2232.2583 1799.1998 858.5179 1208.0215 300.8471 1673.4865 1625.0640 1031.7214 685.9300 981.9007 627.6153 911.4121 1265.1012 302.5971 980.3969 1091.1462 1325.9336 1099.1383 1425.5981 2059.3693 721.6717 1320.4821 857.0286 2109.2598 571.3493 1719.8663 885.2683 1300.9635 1866.1533 829.4022 2296.8589 1041.6741 1689.8926 1595.1834 2111.6098 1508.4721 1272.5302 1408.7072 2253.6246 851.1152 1049.9152 1728.9633 1676.9666
 29: 569.1713 3201.2404 1666.2341 2832.8254 719.6110 1477.3493 3400.6124 1670.1886 2335.3957 1765.6415 2684.0069 2383.8039 3276.9182 825.6803 854.1622 670.2313 2775.3423 436.3233 1355.3778 986.2221 2611.6738 3039.4960 742.0546 1212.0549 1485.8994 2692.1941 2469.5848 1074.7283 2512.7405 555.2963 3464.4193 1210.7527 808.0130 1676.2488 3349.1936 3296.2916 1436.6739 2312.4180 1137.6203 1080.9487 1282.5323 2518.1620 1386.9600 756.2387 2724.4561 456.1765 1614.3091 3082.3681 742.6473 955.4208 1086.1031 2505.5468 522.0153 1995.2396 148.4082 1793.9880 1244.4376 337.9245 2394.0019 621.3421 1517.1051 683.6329 3086.0365 1025.2224 2926.0596 937.8497 300.5012 1409.0696 1973.4488 2567.7525 440.5190
 30: 643.6932 3401.4769 1882.1756 2828.6932 307.4167 1042.9267 3499.2096 1734.4132 2362.6295 1979.4466 2778.5248 2294.6255 3363.4521 956.6635 1189.9286 450.8714 2924.9455 767.5656 941.7601 938.0432 2538.3863 3142.1529 351.5736 1446.5697 1045.7810 2720.0077 2680.5317 838.5046 2691.1529 711.1378 3524.3476 1061.7010 601.8388 1650.2342 3361.0244 3295.1244 1213.4055 2405.1516 1430.8253 1101.3560 1560.6697 2739.5600 1426.3706 977.5807 2692.0643 790.8691 1375.9132 3154.2435 368.6353 1043.1970 783.6000 2584.9758 427.1264 2146.5437 585.7457 2042.1072 944.2563 754.5396 2337.7789 793.8016 1291.1750 261.2374 3251.0983 597.8177 3113.6040 1299.5803 625.1608 970.1639 2194.1780 2482.3416
 31: 3081.9872 2044.1049 1648.8132 583.0617 2631.3573 2384.0680 1542.8001 1086.5841 648.6802 1632.2564 1092.4706 187.7711 1383.1305 1808.1828 2219.8293 2031.6065 1471.8539 2300.2089 2161.5559 1584.0609 87.2067 1321.0045 2699.3703 1810.3723 2637.3187 697.4023 1736.0743 1682.0993 1546.4346 3106.0536 1380.5571 1422.6500 1882.7071 910.3829 1052.9126 951.1346 1353.6266 1000.9805 2031.7867 1500.7135 1955.6876 1822.1364 1246.4674 1973.0960 366.9578 2299.8787 1265.1660 1165.3738 2737.2702 1661.9146 1813.6496 948.8730 2904.1303 1314.1606 2644.6009 1806.2630 1702.5205 2815.9975 229.0196 3180.2083 1297.8525 2349.3252 1739.5597 2673.4865 1793.8032 2318.3945 2344.6386 2660.2274 1675.4441
 32: 2531.7140 1228.7392 312.0833 1484.8569 2480.7136 2783.8608 1585.7758 805.4378 1049.1201 215.2440 979.4555 1594.0078 1506.9350 1243.2248 1177.4264 1887.6891 882.7825 1541.9137 2545.6412 1436.8556 1646.4811 1247.6041 2537.2515 761.8379 2956.3215 1252.9521 496.4564 1854.6215 577.2911 2487.6081 1756.4000 1610.8513 1825.2630 1151.8377 1822.9805 1828.6000 1840.7531 743.2745 869.8736 1230.3861 719.2420 546.8821 1005.4541 1229.4783 1534.0929 1524.6891 1933.0479 1383.3702 2559.8682 1190.1214 2031.2853 913.0854 2484.0692 361.3323 1950.7242 221.8400 2054.5133 2025.5698 1451.5182 2531.0444 1864.4002 2246.2578 1146.3424 2698.9444 962.7487 1174.0026 1672.9976 2924.7935
 33: 1366.5010 4052.0549 2625.6849 3143.3691 707.6362 311.0145 3971.3859 2277.5788 2774.0353 2713.6000 3278.5866 2484.6770 3819.3324 1719.8154 2101.1663 1058.4182 3510.5652 1703.7820 499.4097 1493.0764 2736.5469 3637.1639 712.8324 2246.4536 92.1954 3103.6527 3373.6823 1111.9604 3334.1221 1481.0014 3923.7176 1400.4460 1100.0382 2056.4632 3675.0218 3586.7430 1329.5582 2927.1836 2291.7358 1700.0850 2398.3478 3445.9026 1979.9942 1818.6792 2960.9755 1726.8248 1395.1649 3593.1961 733.3771 1740.6441 934.5614 3071.2854 1126.6752 2780.8948 1551.0371 2817.1454 987.7014 1702.9974 2591.4945 1551.5686 1371.7059 764.1970 3848.8006 407.7744 3753.2631 2225.6076 1571.7761
 34: 865.5201 2900.7401 1365.7661 2573.3202 931.4274 1585.3233 3110.4099 1397.9145 2068.3539 1465.1720 2396.3844 2164.6182 2989.4247 554.5854 573.8885 643.6094 2478.1872 145.9623 1424.0035 793.3001 2382.4007 2749.2270 968.9221 911.5536 1639.0058 2422.5978 2169.0966 995.0799 2213.2171 838.6304 3182.7146 1060.7474 741.9784 1439.2724 3081.7698 3033.4358 1322.9078 2026.6909 843.5336 844.0006 986.0020 2217.9155 1129.3153 459.6194 2476.4943 168.6298 1503.5974 2798.7301 978.4610 694.7186 1055.8811 2222.1472 816.4686 1699.5482 311.2362 1494.8244 1200.2841 471.4319 2159.2008 896.1724 1401.4682 809.3732 2787.0404 1220.2459 2625.8423 675.7403
 35: 1437.0282 2380.3164 909.7967 2390.8446 1606.5671 2201.8095 2733.4822 1240.7240 1875.1440 999.9140 2060.0235 2162.3970 2635.8515 683.1237 141.0567 1211.0557 2047.3566 532.0150 2011.1999 1068.3164 2332.2063 2380.3920 1644.6583 527.7547 2286.5015 2196.9426 1656.4857 1440.4933 1749.7145 1370.3503 2863.5539 1370.0000 1249.0208 1440.0903 2844.0478 2819.2432 1667.0675 1722.3975 324.6075 973.9343 463.6000 1687.4887 1096.6859 493.0771 2349.0000 508.7170 1834.7948 2477.0032 1653.8068 791.2503 1560.9696 1923.9077 1454.7859 1324.2360 862.7450 962.0941 1671.8831 884.9842 2101.2427 1400.3571 1733.2772 1462.4432 2320.2502 1890.7261 2131.0798
 36: 3488.7982 299.7082 1261.3108 1315.7709 3385.9700 3569.3778 813.0006 1479.8301 1205.6003 1162.1553 702.7560 1814.5115 821.5230 2157.4487 2139.9897 2763.8243 322.0248 2498.8455 3324.4455 2270.2108 1725.1449 627.7810 3446.3491 1715.7581 3771.4088 1115.2919 475.7857 2645.0981 423.7948 3448.0013 1090.4825 2366.2504 2676.1293 1755.1083 1347.4142 1411.5669 2527.2612 898.3474 1832.3561 2067.2042 1681.5088 461.8495 1773.3237 2173.4088 1485.1613 2482.4641 2565.8061 849.4669 3472.3033 2076.9039 2824.6941 858.3997 3429.1143 977.8057 2910.0990 1169.0013 2809.3804 2988.2865 1634.5336 3492.7629 2525.5884 3133.2183 227.7586 3576.4407
 37: 962.9252 3871.5982 2390.9699 3105.8392 307.9237 602.7022 3872.5870 2128.0660 2690.1688 2484.2119 3161.9643 2489.6209 3726.7493 1461.1177 1775.1361 814.2561 3357.3043 1359.9430 646.3018 1311.4820 2742.5924 3525.8345 305.6305 1980.4671 496.3265 3036.0797 3169.0914 1012.7902 3153.0192 1075.6026 3856.7489 1302.0004 905.0370 1960.0217 3643.0763 3563.5927 1320.6002 2797.0906 1995.2867 1510.4294 2114.9374 3235.3870 1818.7834 1526.8170 2940.5755 1383.2845 1432.8660 3506.3557 325.6778 1510.8521 861.9658 2958.6176 720.0007 2598.6966 1162.0275 2568.7234 974.5984 1304.2270 2571.7364 1147.7914 1381.2795 454.4722 3692.1747
 38: 3652.2772 313.3832 1431.8230 1218.6570 3515.0996 3651.0086 594.0135 1571.9851 1200.6540 1334.1563 659.7575 1783.4803 622.2684 2299.2331 2320.7520 2884.1999 338.5410 2664.5887 3405.7046 2380.9966 1664.6228 471.8315 3577.0899 1882.9859 3861.9873 1044.0929 679.8309 2737.0148 575.8403 3616.5410 884.1731 2451.7384 2787.8468 1817.5360 1173.3853 1248.3369 2590.4866 938.0885 2014.0191 2182.4676 1864.1701 679.2297 1876.0131 2330.2481 1406.7871 2649.2433 2613.7569 692.4074 3604.6132 2208.7906 2915.4240 849.0960 3581.3127 1104.5587 3077.8749 1360.4477 2888.2555 3164.9155 1603.4070 3664.2256 2581.9111 3255.3994
 39: 874.6485 3426.8181 1937.5412 2736.8321 283.6371 794.4841 3460.9832 1702.4124 2294.8832 2031.3089 2744.5920 2162.0520 3319.0886 1006.8138 1340.1511 371.5535 2922.7372 939.6702 680.9207 883.6289 2411.3154 3109.2973 351.7570 1526.2388 829.6728 2647.6406 2719.4715 669.7947 2709.4451 955.2633 3463.1213 932.8022 488.8609 1567.7372 3273.3842 3200.6624 1031.1363 2375.2594 1546.5581 1074.2253 1663.0770 2784.5190 1391.2311 1075.7160 2585.8239 962.6822 1179.9136 3103.0026 388.6245 1060.6852 573.8101 2544.5308 634.8496 2156.5261 831.7818 2114.2954 727.3960 1009.5073 2222.8399 1037.6223 1104.6239
 40: 1931.3591 2823.4397 1626.6407 1772.8768 1375.1771 1114.8332 2629.5249 1080.5341 1434.1984 1686.1536 1965.3297 1117.6641 2473.4714 1050.9215 1594.9486 864.4316 2246.4784 1431.6850 878.9340 667.4384 1370.7633 2311.3286 1441.5162 1430.0996 1357.6292 1745.7563 2223.2114 454.6702 2130.5466 1984.7242 2560.7368 364.3213 714.6587 770.7308 2303.3945 2215.1898 80.4487 1643.8324 1594.0452 780.4371 1620.8976 2306.7735 867.7845 1245.9715 1589.3222 1443.4005 103.5857 2244.6552 1480.9838 948.8988 535.7649 1757.7762 1716.0851 1612.9554 1636.6615 1840.9446 406.7395 1832.9924 1219.7938 2065.8214
 41: 185.0676 3757.5974 2233.2850 3454.1630 883.6979 1728.9375 4005.0000 2288.8818 2955.8743 2331.8156 3292.2474 2994.9219 3885.2291 1443.2637 1360.7840 1202.1348 3363.2153 1003.5338 1688.3486 1596.1516 3226.6357 3643.8927 854.4150 1781.3211 1642.1708 3312.1873 3026.0874 1611.4245 3088.4859 82.6801 4078.5852 1794.0624 1354.1407 2295.3388 3969.8111 3917.5079 1986.2452 2922.8549 1666.3475 1701.4265 1817.0925 3066.7302 2008.1853 1353.0059 3344.7913 1017.2222 2155.8664 3694.8566 826.1967 1575.8582 1575.0714 3118.2099 432.6500 2589.2989 590.0280 2335.6209 1736.4323 515.3960 3011.2776
 42: 2921.3718 1899.0853 1419.8046 558.3485 2506.3705 2329.0895 1480.6924 864.1395 447.1823 1403.8679 944.7677 180.4217 1319.8939 1614.6842 2006.3838 1889.4774 1313.6818 2106.8149 2097.4790 1419.0902 231.1385 1217.7229 2574.5217 1588.6932 2576.1568 591.4863 1537.3458 1564.8911 1356.1866 2939.0803 1362.2232 1290.0624 1744.8117 720.0590 1083.7181 996.1129 1265.1913 799.5299 1809.9693 1316.8648 1730.4716 1624.7600 1044.2591 1772.1811 370.1945 2105.1955 1204.7577 1092.6271 2611.4000 1469.2481 1710.0401 777.0779 2754.0960 1090.2495 2463.4236 1578.3865 1614.0068 2629.4250
 43: 571.8330 3249.0616 1733.2262 3033.4939 997.0883 1797.3920 3527.2190 1851.9290 2524.0792 1830.7717 2822.2420 2636.0463 3413.4399 1018.4581 850.0000 1002.2879 2870.8556 535.5567 1687.2848 1257.8335 2853.2895 3167.0625 1003.6862 1286.4222 1784.6288 2875.0242 2518.8132 1399.6571 2589.2211 489.8418 3617.6678 1509.7142 1133.7460 1909.8034 3534.9055 3490.5050 1752.9019 2458.3547 1157.1728 1315.2965 1308.2202 2557.0501 1594.7730 891.0455 2942.7674 543.3857 1932.4102 3231.2638 994.1318 1161.8236 1421.0422 2657.1989 666.6881 2105.3171 198.3230 1826.0000 1578.0272
 44: 1587.1474 3109.0791 1781.0022 2160.7001 984.5938 762.9233 2985.6148 1331.0841 1787.5016 1856.1565 2299.3434 1520.6111 2832.7347 1011.4846 1531.0029 575.8759 2549.8694 1268.2464 517.7219 657.0122 1773.9033 2654.9736 1049.2092 1489.3247 985.4309 2116.0099 2463.7553 232.7445 2398.6204 1653.9411 2936.4022 447.6751 458.3121 1077.4326 2695.0030 2609.9933 349.7556 1956.3400 1608.4294 845.0592 1671.2780 2542.2818 1057.6658 1182.8051 1984.2001 1285.0315 463.3498 2606.0975 1089.0914 960.1208 161.7560 2091.3938 1357.2785 1855.7505 1380.0181 1989.5412
 45: 2344.8294 1423.1405 214.3665 1667.8936 2336.0071 2696.2437 1807.6089 837.6139 1204.8784 179.0447 1191.9169 1706.8333 1727.8241 1107.7730 976.0000 1766.0943 1104.0906 1358.7586 2463.3299 1348.8977 1785.8189 1468.5275 2389.8038 595.6257 2854.4646 1440.7026 694.9532 1777.7930 796.5187 2295.3756 1975.5354 1556.1700 1718.8205 1180.7053 2030.1529 2030.6799 1808.2790 928.0733 669.2989 1147.7495 518.5557 731.1751 973.3329 1066.4192 1698.8431 1340.2388 1918.1838 1600.0156 2410.1739 1077.0005 1949.7531 1110.0063 2310.4443 515.1970 1761.6356
 46: 583.6720 3179.2328 1649.0049 2883.9079 854.6256 1625.0840 3415.1840 1709.1416 2379.5369 1748.0072 2703.2947 2462.7789 3296.1408 865.4300 797.5161 804.1897 2774.3987 414.0350 1503.6150 1074.2909 2684.7981 3054.1167 871.5561 1195.3050 1629.2133 2733.8310 2446.9442 1201.6006 2502.5127 538.6771 3492.0052 1317.6528 935.5426 1743.4497 3393.0000 3344.4397 1556.4578 2334.8233 1095.3470 1146.5710 1244.3295 2491.0417 1438.8888 763.4880 2784.8311 428.6724 1735.6373 3107.4185 868.3836 1004.1165 1223.4316 2531.1472 598.8197 1999.4209
 47: 2564.0493 1274.1228 429.6941 1154.6709 2412.4604 2608.5693 1422.9554 533.0263 693.3109 365.9413 735.8329 1234.5250 1315.7766 1195.8148 1289.5968 1786.5299 782.1637 1585.8099 2364.9850 1293.2614 1286.0984 1064.2486 2473.8638 824.1517 2802.2769 930.8168 611.3101 1678.3921 554.9072 2536.4047 1539.3219 1408.4605 1698.6406 859.2654 1543.3188 1533.9377 1601.3685 420.8800 999.9865 1089.5435 865.0780 693.8970 803.3586 1239.9782 1184.7363 1572.6474 1669.7799 1152.8825 2500.9090 1104.6022 1858.1919 614.4868 2481.5038
 48: 251.7459 3708.7788 2174.2760 3233.4316 451.6857 1296.2951 3866.1952 2109.7512 2755.8144 2273.5193 3145.6753 2716.5936 3735.7881 1288.3975 1375.8172 875.5627 3263.6674 957.0465 1261.1063 1341.4597 2958.3678 3506.4107 422.2144 1722.5031 1216.1484 3114.2301 2978.8805 1264.8008 3011.6582 356.9230 3908.4218 1486.4596 1027.7962 2056.2125 3762.0763 3700.0024 1638.9179 2771.7931 1658.6501 1485.9105 1802.3232 3030.3531 1808.6730 1256.3586 3103.9879 977.4748 1798.7535 3532.5703 395.5060 1398.5310 1199.2664 2958.3551
 49: 3071.7671 1130.7630 1043.9181 585.8438 2818.9454 2851.7623 916.5588 850.7156 352.1392 977.9494 208.1250 956.6201 778.5435 1680.9120 1875.6082 2176.1261 539.4164 2124.8598 2607.6480 1661.8776 888.0456 567.6698 2884.5436 1406.5902 3075.6518 349.3222 811.0499 1965.5111 607.5953 3058.4723 961.0005 1673.3084 2059.4606 1015.0197 928.8730 921.6404 1774.5166 201.8366 1599.6653 1483.9114 1471.9382 892.2920 1159.2916 1769.3716 687.1637 2114.9322 1781.0000 576.8397 2916.1756 1560.7434 2138.7887
 50: 1426.9688 3124.0794 1746.1466 2247.4964 839.7738 753.4487 3043.5455 1345.9012 1849.6078 1826.7288 2345.6345 1628.8797 2893.4314 921.6507 1421.0422 420.9537 2577.0179 1132.6438 514.5843 601.0474 1881.5451 2705.5890 905.8835 1422.4489 947.1140 2187.8768 2459.6571 179.8249 2408.2618 1492.6225 3009.6526 466.0751 319.5074 1125.3417 2784.1785 2703.0919 466.8404 1992.6698 1523.3910 803.2994 1598.0967 2535.3122 1054.8336 1079.4726 2079.2299 1150.5794 606.5723 2669.1791 945.4232 891.2244
 51: 1515.1399 2368.4985 886.1405 1880.4566 1309.0749 1624.9812 2467.7958 716.4503 1380.0558 976.4594 1747.1588 1486.3411 2337.4709 146.3728 657.1408 697.8288 1881.7657 638.3768 1397.8398 305.3080 1695.0826 2108.3266 1369.7649 531.5186 1777.4932 1736.7838 1658.8243 731.9740 1653.3227 1510.6757 2515.0447 591.0474 641.8427 751.8251 2393.9601 2342.3811 887.3539 1373.2625 655.7385 186.2713 711.1807 1724.5385 434.7747 330.0485 1781.8715 638.0360 1048.6529 2136.2116 1396.4183
 52: 642.2157 3762.0613 2248.0794 3123.4668 106.2309 905.6467 3832.5344 2068.7883 2675.8135 2344.8721 3113.6711 2550.1267 3693.0391 1318.9363 1550.0639 741.9737 3275.6022 1123.6427 894.5636 1255.1928 2799.6973 3478.2468 40.0000 1814.7705 821.9258 3030.1871 3044.0555 1056.0805 3049.0687 752.1629 3843.0751 1321.3391 872.8860 1951.3239 3659.5755 3587.8535 1410.1053 2742.0361 1798.0170 1435.4599 1928.9671 3104.3880 1757.9571 1346.1842 2974.0252 1146.6830 1550.2158 3479.3804
 53: 3648.3921 1000.9540 1576.2592 589.4820 3380.4806 3356.3701 389.3071 1422.9466 819.6841 1497.4235 417.0803 1259.4801 229.7520 2257.5697 2437.7994 2737.6576 606.3877 2700.1157 3115.5616 2224.2988 1081.1240 223.0090 3446.7945 1969.1724 3590.5456 506.3536 1091.4623 2501.2913 885.8736 3635.2894 387.6209 2208.5934 2615.2082 1547.1668 502.4749 562.1397 2272.9877 773.0783 2152.5847 2053.0828 2017.5555 1143.0822 1728.0558 2345.0416 801.9838 2689.7900 2251.3438
 54: 2018.0907 2862.2834 1703.8410 1761.8451 1445.0529 1124.7689 2638.3542 1140.0439 1449.2291 1759.9693 1987.4177 1090.0005 2480.8476 1152.9484 1696.7937 956.7319 2280.4528 1535.0127 897.0357 770.1662 1341.4567 2327.5416 1510.4652 1522.6743 1374.3962 1748.6066 2277.7754 545.2201 2177.2425 2074.3934 2557.4442 467.1317 808.9703 816.7668 2287.2953 2195.8515 180.6931 1676.9332 1690.5816 877.4896 1713.6630 2362.4483 945.4100 1348.4128 1571.6377 1546.8177
 55: 1007.0357 2753.4257 1221.1638 2493.4837 1097.8711 1725.1858 2991.1794 1310.2416 1982.3269 1320.3185 2282.4588 2124.2410 2874.5977 491.7082 405.4232 755.9054 2346.1032 23.3452 1552.1862 799.7231 2332.1177 2630.3926 1136.5993 767.0059 1791.3972 2332.2178 2021.1363 1067.1551 2073.9571 967.3453 3075.7406 1088.5371 831.2737 1389.6075 2992.0857 2948.7918 1367.4242 1916.7159 681.4463 807.9610 826.7357 2067.1722 1063.0075 347.7614 2408.6054
 56: 3262.8376 1716.9126 1575.5371 216.1134 2869.4608 2696.4039 1176.3171 1115.6330 496.5884 1537.6193 785.8562 494.5018 1017.0093 1924.3214 2267.7257 2246.3947 1167.2275 2412.3916 2466.1699 1763.5206 280.8006 969.0330 2937.5708 1823.6847 2944.6827 370.0000 1498.1922 1931.8903 1293.5386 3274.7197 1018.4262 1653.4694 2104.2861 1051.1218 715.7325 626.0072 1635.3535 800.5623 2040.9147 1643.5160 1942.1740 1579.2571 1348.0004 2066.9170
 57: 1324.3583 2452.4398 918.5777 2147.4341 1276.2417 1756.7698 2652.0370 963.4215 1635.2400 1017.6409 1939.8742 1801.8396 2532.6701 197.5171 352.3663 766.8514 2019.2360 356.0407 1551.0770 578.7271 2001.0350 2290.9083 1327.4170 471.2749 1869.8540 1984.5408 1723.0699 950.5083 1757.8214 1297.5843 2730.3674 881.7171 777.0058 1064.3237 2644.3927 2601.6143 1177.6795 1572.0999 473.0803 515.3960 588.2601 1776.3257 727.9870
 58: 1940.7571 2072.0623 758.9796 1446.3616 1661.9513 1805.7389 2075.0087 311.2619 950.6445 819.5633 1355.7142 1078.7182 1937.4522 576.3211 985.2923 1020.5254 1539.6769 1065.7730 1562.6916 508.3345 1273.0758 1720.3052 1726.9479 643.1213 1999.5642 1308.7723 1407.2843 875.0343 1354.5143 1941.5097 2100.5554 610.3278 913.7598 344.7260 1963.2463 1909.3339 837.9272 984.5634 851.1698 325.0415 826.0684 1484.9492
 59: 3073.5231 692.9358 858.5872 1458.4622 3023.7811 3288.3596 1221.1900 1226.8570 1178.0531 760.4275 834.2332 1794.8440 1189.5550 1786.0616 1707.0750 2421.8278 539.7083 2084.9753 3046.4545 1952.8712 1769.5932 948.1287 3081.1415 1307.8505 3472.6856 1227.0603 89.0000 2356.1988 287.5639 3025.9494 1460.2140 2094.6355 2350.5567 1548.5509 1638.9710 1678.2521 2295.0251 825.2642 1400.4628 1745.8184 1249.6403
 60: 1827.9018 1941.0041 446.2298 1963.9666 1862.3815 2315.4200 2269.9009 871.2709 1454.7522 536.8622 1600.4905 1816.5032 2173.1277 685.7179 458.6284 1340.4913 1585.2028 846.2181 2096.7351 1015.1970 1958.0493 1917.2076 1911.8415 191.0236 2445.4308 1759.7147 1210.6610 1442.8028 1290.8517 1776.9842 2403.2944 1282.6554 1324.4244 1140.8089 2397.6299 2378.6603 1569.5913 1271.6493 151.0530 847.3045
 61: 1625.2514 2363.5858 942.8860 1756.2033 1340.8393 1554.1097 2399.0834 634.0032 1270.1799 1023.8906 1679.0965 1321.4360 2262.2557 324.1389 841.6086 702.6720 1848.8453 805.7320 1317.7712 207.1714 1538.7326 2043.4114 1405.1566 658.4778 1727.9494 1628.6476 1673.9609 630.0516 1644.4163 1632.0711 2424.9728 435.3941 609.2003 597.0059 2279.4640 2221.5760 724.5095 1306.7750 813.6154
 62: 1679.0188 2092.0000 590.4066 2074.3481 1735.0331 2223.6882 2412.7066 945.8383 1560.5848 683.7441 1735.6638 1884.2232 2312.9758 601.8239 307.6508 1238.1252 1732.2000 701.6167 2011.6573 960.0844 2039.7657 2058.2488 1782.3987 221.4159 2342.4075 1876.5663 1361.7111 1376.8925 1440.0434 1626.7790 2539.2788 1243.6278 1236.0117 1183.3250 2521.1827 2498.0781 1537.1623 1398.2807
 63: 2879.8023 1189.7281 847.9275 741.9710 2646.4658 2719.1370 1094.9310 673.3743 353.4119 786.7026 373.9759 970.2165 965.1072 1489.4956 1673.8005 2004.9671 603.5230 1927.0509 2474.0416 1491.6625 954.0823 737.0109 2711.3203 1204.7647 2935.9469 512.6402 737.8292 1816.4636 562.2259 2864.1329 1159.3533 1526.7524 1893.9314 881.1521 1126.6752 1113.6934 1652.9456
 64: 1852.7223 2825.9802 1594.3952 1814.2337 1304.0798 1083.4136 2655.8579 1068.3866 1458.0868 1657.4589 1982.5350 1171.1127 2501.0288 984.0020 1528.0265 784.5470 2253.7198 1355.3369 843.1281 599.1010 1424.3960 2332.5128 1370.8264 1379.3437 1320.2367 1777.6740 2212.5951 375.7140 2127.1354 1905.2480 2595.7937 297.3785 634.4360 773.6058 2347.3240 2261.3027
 65: 3846.8140 1550.3761 1961.5652 466.6155 3484.0680 3320.4296 783.7787 1638.6385 966.4787 1898.8944 865.9244 1109.7590 662.1458 2479.0163 2757.1951 2854.1542 1154.4769 2955.2590 3091.4083 2359.3389 866.8483 784.6592 3552.0390 2293.3637 3569.7234 623.0321 1617.2214 2552.8700 1404.0872 3850.6519 512.0010 2270.6986 2715.6261 1645.0483 114.7693
 66: 3903.5586 1469.6292 1972.7874 537.4253 3556.3895 3412.0382 682.1122 1684.1437 1013.9729 1905.6642 847.8544 1205.8992 570.6356 2528.2504 2787.0875 2923.0669 1106.6838 2999.3493 3181.1679 2423.5849 967.4968 720.1514 3624.2137 2320.6148 3659.8122 659.8826 1582.3934 2630.9643 1371.7452 3904.2444 400.2162 2346.2285 2786.7366 1711.3422
 67: 2211.7256 2053.3120 974.3069 1178.5186 1849.3096 1839.4197 1918.5997 347.2521 730.2472 1007.2537 1222.6484 737.5317 1769.6036 897.9766 1329.9808 1212.2788 1480.3530 1390.2014 1594.6589 714.7867 943.7637 1580.7726 1916.7600 967.8559 2060.7768 1080.0801 1463.0055 954.7549 1361.0323 2224.4622 1898.0445 661.8761 1079.1205
 68: 1227.3700 2972.7383 1525.7093 2250.8276 770.2759 991.0610 2975.3968 1223.3990 1806.0487 1613.6409 2261.0374 1694.9360 2832.2952 638.7965 1110.2612 153.4047 2452.5220 813.5533 775.7745 406.8722 1940.5754 2625.5104 837.8604 1159.6974 1135.6514 2158.8627 2280.4649 266.7208 2253.5417 1273.7979 2974.3416 460.4053
 69: 1678.0375 2665.9231 1344.8606 1808.8831 1216.3791 1203.1729 2580.3382 886.5078 1390.1241 1416.1243 1879.9035 1234.8931 2431.4590 687.1230 1231.2339 611.0614 2113.2130 1078.2300 958.4284 303.1171 1481.5620 2240.4522 1284.5236 1093.8121 1410.4641 1734.1272 2016.0915 292.8839 1953.2028 1715.7273 2555.1010
 70: 4029.1708 1150.0161 1960.6246 807.8199 3742.7841 3675.5683 313.0144 1799.4580 1168.4383 1879.8311 803.6977 1509.8675 272.0074 2638.9454 2825.3177 3101.1864 924.4263 3085.7941 3438.2510 2589.9670 1293.3511 518.4178 3809.6501 2356.7575 3916.0005 821.7761 1421.4654 2846.3647 1229.1599 4018.1669
 71: 121.4331 3715.5266 2187.2197 3386.6187 806.0434 1652.3744 3949.0400 2225.3701 2890.5475 2286.1059 3234.5734 2920.4186 3827.6349 1380.3601 1323.3461 1121.4936 3312.6305 952.4306 1608.0812 1522.2772 3153.3503 3587.8565 779.1001 1733.8411 1571.1031 3247.4595 2983.4498 1530.2055 3041.1375
 72: 3078.0002 719.2197 856.0333 1170.9419 2962.3951 3155.9594 1024.5409 1067.5790 909.3041 758.5994 549.5962 1529.9915 965.3652 1735.6051 1746.1575 2340.1617 314.2388 2089.5064 2911.5274 1848.1052 1490.7438 710.7440 3022.9290 1307.3775 3353.9961 939.5797 214.7044 2228.4708
 73: 1477.0135 2944.4404 1572.3794 2093.5914 949.9605 932.1770 2873.2076 1166.6949 1682.5219 1651.4518 2171.8034 1495.3702 2724.3179 778.9178 1299.5153 411.6175 2398.7038 1051.5764 691.4000 432.8337 1746.1354 2532.8492 1017.8222 1262.9117 1126.4262 2024.9494 2280.2675
 74: 3028.1521 732.3230 804.6123 1382.4923 2961.9900 3212.2033 1195.6128 1144.2085 1090.9464 705.4367 764.2316 1706.8755 1153.0065 1725.1229 1669.2274 2354.9983 497.0392 2038.3682 2969.7303 1880.7246 1684.5050 905.0552 3020.1222 1257.6208 3399.1458 1149.5286
 75: 3249.3330 1351.6586 1351.9279 236.5439 2928.7426 2859.8129 895.6439 1024.7073 358.4690 1296.4401 416.4541 764.3926 735.8532 1869.6430 2134.1659 2289.3888 797.2954 2339.4677 2620.7743 1782.2909 620.7423 629.0509 2996.0190 1670.6053 3097.6184
 76: 1457.1153 4070.6620 2660.1054 3130.4615 791.9400 259.7884 3970.8772 2293.0078 2772.5894 2746.4932 3283.4022 2464.2078 3817.6223 1763.5490 2160.0000 1105.2099 3523.4994 1768.5115 478.7588 1520.8014 2715.0007 3640.0743 800.1562 2289.6537
 77: 1773.0496 1989.1910 454.5822 1863.0977 1741.6237 2149.7023 2246.7221 724.5557 1347.4606 553.9251 1554.0051 1663.1975 2139.3125 526.6431 469.1290 1188.6888 1584.5233 783.1251 1926.4527 832.3251 1818.6151 1888.3964 1794.7524
 78: 671.3159 3736.7495 2225.6803 3087.9062 68.1542 875.1343 3801.0188 2037.9708 2642.0587 2322.1354 3082.5762 2512.3045 3661.0067 1295.1699 1538.6312 709.1382 3247.4214 1113.4438 858.1212 1223.0016 2762.0892 3447.2216
 79: 3608.2245 782.9713 1471.2417 767.2939 3382.0763 3413.3076 361.1883 1409.5396 878.3194 1385.1419 364.7259 1392.8378 259.3318 2220.7899 2352.7611 2739.8529 408.8826 2642.3736 3169.9320 2225.8594 1240.4451
 80: 3132.0517 1970.9135 1635.8117 496.8581 2693.9948 2462.6597 1457.0878 1094.1490 606.0668 1614.1282 1022.6050 253.2923 1297.6614 1840.9400 2237.5122 2088.1691 1403.6185 2333.2625 2238.4131 1631.2088
 81: 1502.2816 2567.3103 1146.6063 1892.7255 1157.1560 1349.0163 2578.4346 819.1508 1425.4013 1229.2990 1861.1354 1398.9957 2438.0051 385.2194 929.0022 514.2490 2045.8331 791.6186 1114.4743
 82: 1512.4090 3624.1431 2260.5011 2651.7166 813.4624 245.3080 3497.3664 1844.8840 2299.0020 2341.3127 2815.7060 1987.0204 3343.2311 1412.5682 1875.2946 801.4818 3067.2636 1531.1659
 83: 990.1162 2770.5945 1237.5532 2499.1186 1074.5948 1703.1985 3003.2724 1316.6214 1988.7878 1336.7917 2293.5477 2123.8797 2885.9316 492.3271 427.9264 735.8696 2360.3688
 84: 3343.5306 593.3338 1142.5117 1005.6287 3184.8122 3312.5703 710.3028 1234.3423 889.6404 1048.5633 382.1544 1493.8621 656.4937 1977.4299 2035.4636 2551.2752
 85: 1074.0102 3058.2430 1581.8881 2388.4342 643.0070 993.3242 3092.6825 1331.7853 1934.3001 1673.5890 2375.1297 1843.8701 2952.0747 662.2160 1076.6991
 86: 1380.0699 2399.0834 893.0134 2320.3200 1497.3259 2069.1104 2709.4785 1153.3174 1803.1850 988.3446 2022.1400 2059.2814 2605.3545 544.1112
 87: 1390.8559 2444.8149 932.6200 2018.7461 1237.7867 1629.7132 2581.3750 845.6536 1514.4639 1027.9815 1862.3794 1632.7134 2454.5926
 88: 3844.6879 904.7569 1727.6183 801.5117 3595.0801 3584.4400 160.8788 1629.2590 1045.3114 1642.6567 593.0615 1484.5228
 89: 2895.3786 2079.5040 1536.5835 702.1204 2444.2653 2212.8719 1645.3747 945.4041 621.0861 1529.6094 1125.1000
 90: 3251.9768 955.0712 1159.7470 633.9125 3017.3904 3059.8575 721.0021 1045.1225 547.5272 1082.3886
 91: 2326.8593 1435.8308 99.4082 1518.5131 2265.5070 2577.9622 1735.0807 662.1239 1041.5704
 92: 2891.3791 1482.2068 1079.1038 517.2205 2575.0217 2541.0191 1198.4098 672.1674
 93: 2231.5846 1779.4724 636.1273 1184.4028 1973.0915 2089.6806 1765.1371
 94: 3969.2852 841.6086 1823.6856 960.4900 3735.4760 3739.1256
 95: 1546.3910 3869.0636 2495.5675 2885.1858 846.9811
 96: 703.2866 3677.0298 2169.4755 3020.0166
 97: 3381.3950 1531.2766 1568.8225
 98: 2227.5843 1535.2199
 99: 3760.4532
100: 
