st70 Distance Matrix (Upper Triangular, 70 cities, Euclidean)
Row i, Column j: distance from city (i+1) to city (71-j), j=1..70-i
Column order: city 70, 69, 68, ..., 2

  1: 20.0998 21.4709 78.6448 60.8276 30.6757 49.0408 55.1453 30.0167 77.9872 87.6641 50.2096 26.2488 21.2603 43.8292 52.8015 95.2733 67.8012 33.9559 41.8688 43.8292 30.4795 90.8020 65.7419 12.5300 99.0051 97.9439 78.9177 66.0984 60.0083 58.8558 89.5545 95.2103 18.6011 20.6155 4.2426 32.5730 64.6375 60.1415 68.5930 19.6977 93.4345 14.1421 84.0119 93.4077 81.3204 105.3945 51.0392 8.5440 25.9422 64.0703 95.0211 68.0294 56.1427 65.5515 8.6023 49.8197 88.0000 14.5602 57.0088 60.4070 36.4005 80.5295 80.4114 64.2884 53.3385 33.1210 54.5894 73.1710 59.2030
  2: 55.1453 47.0956 37.7359 75.7694 28.6356 76.2758 93.6056 31.0161 75.2396 65.2534 55.1543 37.0135 53.6004 22.8473 72.9452 36.7151 71.8053 33.9411 49.7393 66.2873 53.7587 31.6228 80.0562 50.9902 64.6607 72.8011 35.0000 36.4966 17.2627 26.0192 63.5689 74.7262 42.2966 54.4059 61.3922 49.3356 53.1507 62.0967 13.0384 49.0408 43.8292 55.0364 26.1725 58.3095 22.1359 80.2309 19.8494 50.6952 34.2345 52.1536 42.0476 13.0000 12.0416 40.1995 56.8595 23.4307 34.8855 53.0377 52.3927 81.8413 47.2017 52.4976 22.0227 5.0990 22.3607 42.5206 8.5440 19.4165
  3: 72.5672 64.5368 21.3776 74.2024 44.2832 78.6448 97.6166 48.0521 67.6757 52.0096 54.4885 54.3415 62.6259 42.0595 73.5527 33.1210 67.1193 42.0595 52.0096 68.8840 59.9416 25.2389 77.6660 62.9682 47.5395 57.8705 17.7200 26.9258 14.3178 21.2132 49.2544 61.1310 58.3095 63.5689 76.0263 68.1542 46.5188 58.5235 6.4031 66.2873 24.4131 71.5681 12.8062 41.4367 18.6815 64.7611 39.2046 65.0308 50.4876 45.6180 23.0868 25.4951 17.0294 31.3847 69.0507 42.8019 15.8114 69.5845 48.8262 81.5659 51.6236 39.0000 11.6619 16.2788 22.8254 48.7545 19.2354
  4: 53.3667 45.3542 33.2415 67.2309 25.0799 68.0074 85.6329 28.8617 67.0671 58.5235 46.6154 35.1710 46.6476 24.7588 64.4981 43.6005 63.3482 26.4008 41.3401 58.0086 46.0109 37.5899 71.5122 45.2217 59.8164 66.6408 31.2410 29.4109 10.8167 18.4391 57.2713 68.0074 39.1152 47.5079 57.2189 49.6488 45.0111 53.6004 14.0357 47.0744 42.5441 52.3450 29.4279 53.4135 28.3019 74.2428 24.1868 46.2709 31.2570 44.0114 42.2019 21.5407 4.4721 32.7567 51.2445 27.4591 34.9285 50.3587 43.9318 73.3553 39.0512 46.0977 25.9615 12.0416 14.0357 34.6554
  5: 45.0000 39.8246 48.0000 38.0132 26.0000 34.4384 51.0882 31.1448 48.3011 54.6443 20.2485 34.2053 15.0000 41.5933 32.7567 78.1025 39.8497 8.9443 11.4018 24.6982 11.4018 71.6101 43.0000 20.5913 66.1287 64.8999 49.1630 34.2345 34.4384 29.6142 56.4358 62.4820 30.4138 16.0000 37.2156 50.6952 31.8904 30.4631 46.3249 39.9625 64.3817 40.3609 61.2944 60.7289 62.6259 72.4224 46.8402 28.3196 28.6356 31.2410 67.4685 55.0000 33.6006 32.9848 25.6320 48.0521 61.1310 39.0512 24.8395 41.9762 6.0000 47.5395 58.8303 46.6690 26.0000
  6: 57.2451 49.7393 26.0000 54.1202 28.8444 56.5862 75.1665 34.2053 53.0377 46.0652 33.6155 40.2244 40.2616 35.3553 52.2015 53.8145 49.4773 20.0998 29.6985 46.6690 37.1214 46.6905 58.1808 42.0000 50.3289 54.9181 25.7099 17.2047 8.6023 6.4031 45.4863 55.4617 41.6293 41.2311 56.7186 56.7274 31.0000 39.8497 21.2132 51.0000 40.1123 54.7814 35.5106 44.0454 38.2884 62.6817 36.6879 45.8912 34.9857 30.0000 42.1900 35.1710 10.4403 19.6977 48.0104 39.5601 35.5106 52.9245 30.0832 60.7454 28.8444 34.4093 33.4215 24.6982
  7: 60.0750 52.0384 36.2491 78.7210 33.7343 80.0000 97.6729 36.0555 76.7919 65.1153 58.1378 42.0000 58.2495 27.2029 76.3217 31.9061 74.0405 38.2884 53.2541 70.0000 58.0000 26.5707 82.8553 55.9464 63.0635 72.1249 33.1210 37.0135 18.1108 27.2947 63.0635 74.5252 47.3814 59.0762 66.4906 53.8516 54.7449 64.5136 10.0000 54.0093 40.4599 60.0750 21.3776 56.7979 17.0880 79.3788 23.3238 55.7853 39.3192 53.7587 38.0789 11.0000 14.3178 41.0122 61.8466 26.9258 31.0644 58.0775 54.7083 85.0882 51.0882 52.1728 17.1172
  8: 77.1622 69.1158 31.0644 85.8021 50.2494 89.8276 108.5772 53.0000 79.1202 62.2013 65.9469 59.0339 72.0139 44.1475 84.9588 21.4709 78.7718 51.4296 63.0317 79.9812 70.1783 13.6015 89.3085 71.1688 55.3173 67.1193 27.0185 38.4838 24.8395 32.6497 59.0085 71.0282 64.1249 72.9178 82.8734 70.8308 58.1378 70.1783 12.5300 71.0634 27.7849 77.0065 4.4721 49.6488 8.0623 73.5527 39.5601 72.0069 56.0803 57.2451 23.3452 21.4009 25.4951 42.9535 77.2010 43.0813 17.4929 75.0067 60.4649 93.0860 62.2013 49.3660
  9: 89.2020 82.3286 18.4391 49.2443 62.2254 60.4152 79.8123 67.8970 33.3017 13.0384 37.0135 73.5527 61.6847 69.6419 52.8867 69.8570 37.7359 47.7074 41.5933 53.2353 54.1295 61.6117 50.6063 68.0294 18.6815 20.5913 22.5610 17.2047 35.4683 28.3019 11.1803 22.3607 73.4098 62.6418 84.5281 90.5207 20.2237 33.5261 43.2897 83.2406 32.0156 85.7030 48.0521 14.0000 57.2189 28.3019 70.2140 74.7930 67.9412 20.0998 38.8330 62.9682 41.6293 15.6205 73.1642 73.3553 37.1618 84.0536 28.0179 57.7754 45.6070
  10: 49.9300 45.1885 48.3735 32.0156 32.0000 29.1548 46.6690 37.1214 43.0465 51.4782 14.7648 40.0250 16.1555 47.5184 26.9258 82.0731 34.1760 14.5602 5.8310 19.2354 9.0554 75.2861 37.0000 24.0832 64.2884 61.7738 50.0100 34.0588 37.4433 31.3847 53.7122 58.8218 35.8469 17.0880 40.6079 56.3028 28.3019 25.0599 49.8197 45.1774 65.3070 45.0000 64.3506 59.2284 66.5282 69.1158 52.6308 32.6497 34.5254 27.7849 68.9638 59.9083 37.4833 32.0624 28.3019 53.9351 62.9682 43.8292 20.6155 36.1386
  11: 79.0759 76.6551 70.2140 8.5440 67.6018 11.6619 24.0832 72.2496 31.0644 54.9181 27.2029 74.0000 41.4367 83.5464 9.2195 114.2016 21.2132 50.6952 32.3110 18.0000 34.0000 106.6677 9.2195 51.7880 73.2462 63.1981 73.4098 56.7274 68.8186 60.4401 59.4390 57.0088 68.1836 41.5933 64.2573 88.5664 38.5876 24.6982 81.6088 75.9539 87.3670 73.2462 94.1754 70.8378 98.8130 68.0074 88.7694 61.1882 69.0652 39.1152 93.0054 94.8103 70.8308 52.6308 52.2015 90.0278 88.7299 72.7805 33.3017
  12: 69.8140 64.3506 37.2156 25.4951 47.7598 33.2415 52.9245 53.4883 24.7386 31.3847 9.0000 57.6975 36.3593 60.6712 26.4197 81.8352 19.4165 29.5466 15.2643 25.3180 27.7308 74.0608 28.8444 44.6878 46.1736 41.6293 40.2244 23.4307 37.1618 28.1780 34.2053 38.2753 54.9181 37.2156 61.2209 74.7061 8.2462 9.8489 49.6488 64.6375 54.5894 65.1920 61.2209 42.0119 66.7308 48.7647 64.0703 53.0377 51.8941 8.0623 59.9083 65.2534 40.5216 19.4165 48.8262 66.2722 55.4437 63.8905
  13: 6.3246 7.8102 78.9240 72.1110 25.3180 61.8142 69.4622 22.0227 86.8217 92.8493 58.5235 16.2788 31.6228 33.8378 64.5600 87.3212 77.4145 36.4005 49.6488 55.3624 40.3113 83.8630 77.1622 21.1896 101.8725 102.9417 78.4347 68.0955 57.9741 59.0931 94.0213 101.1385 11.4018 31.3209 13.0384 18.0278 70.7248 68.7968 64.1950 5.6569 91.9239 2.0000 79.0063 95.8801 74.5453 110.6345 40.8534 11.7047 19.1050 70.0071 92.3959 59.6657 52.9528 68.5055 21.0238 38.9102 85.1587
  14: 88.2950 80.2808 19.4165 80.7217 59.8415 87.6641 107.1868 63.7887 69.6419 49.0408 62.6817 70.0928 75.7100 57.6975 81.6088 34.0147 71.5891 55.5788 62.1691 78.3901 71.7844 26.0192 83.4386 77.2334 39.1152 52.2398 15.6205 32.0156 28.0179 31.6228 45.1221 57.0701 73.8241 76.6877 91.0494 83.9345 50.9313 64.3817 21.9317 82.0000 10.2956 87.1321 13.9284 34.0147 25.0799 58.0000 54.3783 80.0562 66.0984 50.2096 7.2801 38.2099 32.2490 36.1248 83.2947 57.9828
  15: 38.6005 31.3847 60.4401 85.7088 23.2594 81.9085 96.1509 20.6155 90.7965 85.4927 66.0681 23.6008 53.2353 6.7082 80.8084 50.0899 85.0235 39.4588 58.4209 72.5328 57.2451 48.2597 90.5539 46.4004 87.2009 93.9415 58.0517 56.3649 38.2753 45.1885 84.5340 94.9368 31.2410 53.7122 50.4777 29.0000 69.4262 75.0267 36.4005 33.6155 67.2012 40.7185 47.5395 80.8022 39.8121 101.5972 3.6056 41.7732 24.8395 68.4471 65.0000 23.1948 31.9061 59.2368 50.9902
  16: 27.1662 26.4764 72.5603 52.3259 29.4109 41.0000 48.8365 30.4138 69.4262 79.7559 41.7732 28.3019 12.7279 44.5533 44.3847 93.4719 59.2030 28.0179 33.6006 35.3412 21.9317 88.3912 57.2713 6.0828 91.7606 90.0500 73.1710 59.4390 55.3263 53.0848 81.8413 87.0919 20.5913 12.0416 12.8062 38.3275 56.6039 51.6236 65.0000 25.1794 88.0227 21.2132 80.5233 86.3308 78.9240 97.4166 51.6236 10.4403 26.1725 56.0803 90.1388 66.8880 52.1728 58.5235
  17: 73.6003 66.7083 17.8885 44.5982 46.6905 52.3259 72.0139 52.4023 36.4005 26.4197 27.3130 57.9828 47.6760 55.0091 45.7930 64.4050 36.0555 32.2490 29.1548 43.6578 41.0122 56.3560 47.4236 53.1413 33.5410 35.6090 20.8087 4.4721 23.0217 14.3178 26.2488 35.7771 57.8014 48.6621 69.4622 75.0067 15.2643 28.2843 33.7343 67.6240 35.3412 70.1783 43.0465 27.8568 49.9800 43.4166 56.3028 59.4811 52.3450 14.4222 40.4969 52.0096 28.4429
  18: 56.3205 48.3839 29.0000 64.4050 27.6586 66.0681 84.1487 31.9531 63.1981 54.0833 43.8292 38.2753 46.5188 29.0000 62.1289 44.5982 59.9083 25.9422 39.2046 56.0803 45.0000 38.0132 68.5420 46.0977 55.4437 62.1691 27.2029 25.0000 6.4031 14.1421 52.8015 63.5689 41.5933 47.4236 59.0085 53.3385 41.1096 50.2892 13.0000 50.0000 39.2173 54.9181 28.4605 49.0408 29.0689 69.7711 28.6531 48.0104 33.9559 40.1123 39.4588 24.7386
  19: 60.5310 52.7731 46.4866 88.7694 37.5899 89.0449 106.0424 38.2753 87.6926 75.9539 68.1542 43.4166 65.1153 26.1725 85.8836 27.6586 84.6463 46.2277 62.6498 79.0759 66.0681 25.0799 93.0484 61.2944 73.0068 82.7103 43.0813 48.0104 29.0689 38.2099 73.7564 85.3288 49.9800 65.8559 69.6419 52.0865 65.6201 75.0000 19.9249 54.9181 48.2701 61.6117 25.8070 66.8506 16.7631 89.8443 20.0250 59.5063 42.1545 64.6297 44.5982
  20: 95.5667 87.5557 22.8035 84.8116 67.0820 92.6607 112.2943 71.0634 72.0069 49.6588 67.6018 77.3692 82.2010 64.8845 86.2844 36.4966 74.9667 62.2896 67.7791 83.6301 77.8845 29.1204 87.2067 84.0952 37.2156 51.4198 19.7231 36.7151 35.0143 37.8550 45.3100 56.9210 81.0494 83.1865 98.1275 91.1811 54.6717 68.4105 29.1548 89.2693 7.2801 94.3663 19.2094 32.9848 30.2324 56.4358 61.4003 87.1436 73.3485 54.0370
  21: 75.7430 69.8140 31.2410 30.8058 51.8845 40.5216 60.0833 57.7062 23.0868 23.7065 17.0294 62.4340 43.8292 63.3246 33.2415 78.7147 21.6333 34.4093 22.8473 33.1361 35.4683 70.7107 33.2415 51.6140 38.1182 34.0000 34.6554 18.8680 35.6931 26.4764 26.2488 31.2410 60.4401 44.7214 68.2422 79.6116 1.0000 14.4222 47.4342 70.2922 48.2597 71.4213 57.4543 34.0588 64.0781 41.3401 65.9242 59.5483 56.6039
  22: 22.4722 14.7648 60.8276 66.1891 6.3246 59.6825 72.2357 4.2426 76.3217 77.9872 48.7647 5.8310 29.4109 18.3848 60.0083 69.5701 68.4105 22.3607 40.0250 51.0882 35.1283 65.5134 71.2531 21.6333 85.0000 87.7268 60.0083 51.2250 39.2173 41.3401 78.4920 86.8332 8.0623 29.7321 27.5136 23.0217 57.4543 58.8218 45.0999 16.1555 73.0821 21.0950 60.0083 78.8162 56.0892 95.5249 25.4951 17.4929
  23: 18.0278 16.1245 71.5681 60.4070 22.1359 50.3587 59.2284 21.6333 75.4520 82.8010 47.2017 18.4391 19.9249 35.6090 52.8867 86.7295 65.8635 27.3130 38.4187 43.6807 28.6356 82.2800 65.4599 9.4868 93.0215 93.0054 71.5891 59.6154 52.1536 51.6624 84.3149 90.7855 10.6301 19.6469 11.0000 28.0713 60.2080 57.4282 60.2993 15.0000 85.8429 12.5300 75.6637 87.2353 72.8011 100.6032 42.8019
  24: 41.0000 33.5261 57.0088 84.1724 23.0217 80.9938 95.7706 21.2603 88.4590 82.4621 64.2806 25.0599 53.0000 7.2111 79.5550 47.2652 83.0060 38.0789 56.8859 71.4703 56.4624 45.0999 88.9550 46.7547 83.8153 90.7855 54.5619 53.3104 34.9857 42.1545 81.3941 91.9239 32.4500 53.5350 51.9711 32.0624 66.9104 73.0068 32.8024 35.7351 63.6003 42.7200 44.0114 77.4209 36.4966 98.4124
  25: 116.1034 109.6038 43.4166 60.1332 90.0278 74.8131 92.0489 95.7758 37.0135 17.8045 56.8595 101.2373 85.0882 97.9439 66.7533 92.0054 47.1699 74.3303 64.0078 70.6045 76.4788 84.0060 59.0085 92.9139 19.2354 7.8102 47.0744 45.4863 63.5059 56.6039 17.2047 11.1803 100.4490 85.9593 109.5536 118.3427 40.8167 49.0408 69.9214 110.3449 49.2544 112.1606 71.1758 24.0208 81.6149
  26: 76.0592 68.1175 39.0128 91.8096 50.6952 94.8472 113.1724 52.6118 86.3308 70.1142 71.6101 58.3095 74.9466 42.0476 90.4268 15.5563 85.4283 54.6443 67.9412 84.8999 74.0270 9.4868 95.5249 73.0068 63.3482 75.1665 35.0000 45.5412 30.0000 38.5876 67.0000 79.0063 64.1327 75.8024 83.4326 68.4690 65.0000 76.5376 17.2047 70.1783 35.3412 76.5310 11.1803 57.7062
  27: 100.7025 93.4773 20.5913 62.2977 72.8011 74.1485 93.3916 78.2432 43.8292 18.3848 51.0098 84.2021 75.1864 77.9872 66.4906 68.0294 50.1597 59.9333 55.4437 67.1863 67.8970 60.0000 63.1585 80.9938 6.4031 18.4391 23.7697 27.7849 42.6380 37.6431 13.4536 24.1661 84.9058 76.1577 97.3088 100.7671 34.1321 47.0744 47.0106 94.5780 25.7099 97.6166 47.1699
  28: 81.3019 73.2462 29.6142 86.6833 54.0833 91.4385 110.4219 57.0351 78.7909 60.6712 67.1789 63.1269 74.8465 48.5077 86.2670 21.8403 79.0759 54.2310 64.8151 81.6884 72.5603 13.6015 90.0000 74.4648 52.6118 65.0000 25.4951 38.5876 26.9258 33.9706 57.2189 69.2604 68.0294 75.7694 86.5794 75.1864 58.3095 70.8025 15.5242 75.1665 24.1661 81.0062
  29: 6.0000 9.4340 80.7775 72.8011 27.2947 62.1691 69.2604 24.0208 87.9204 94.3663 59.6406 18.2483 32.3110 35.7351 65.1460 89.2693 78.3901 38.0132 50.8035 55.9732 41.1461 85.8429 77.8332 21.9317 103.5857 104.4844 80.3243 69.8355 59.9083 60.9262 95.6033 102.5914 13.3417 31.9531 12.0830 18.7883 72.1249 69.8928 66.1891 7.2111 93.8616
  30: 95.5092 87.5957 17.4642 79.0569 66.7608 87.6641 107.3546 71.1688 65.2993 42.4853 62.6498 77.4919 79.3095 66.3702 81.0062 43.1856 68.7677 60.0083 63.6003 78.9240 74.3303 35.5106 81.2158 82.0549 30.0666 44.1475 15.2971 31.9531 33.9559 35.0143 38.0789 49.6488 80.5233 80.3057 96.7471 92.1358 48.8262 62.6817 30.8058 89.1852
  31: 6.3246 2.2361 76.9220 74.7262 22.4722 65.2763 73.9797 18.2483 88.1930 92.6337 59.9416 12.0416 34.5254 28.8617 67.4685 82.5651 79.2023 36.0694 51.0000 58.2495 42.7200 79.4040 79.8123 24.1868 100.6876 102.5914 76.1577 66.8506 55.3624 57.3062 93.5094 101.1781 9.8995 34.3657 18.6011 13.1529 71.0634 70.2353 60.6712
  32: 66.9104 58.8558 26.5707 74.6257 39.0128 77.7946 96.3328 42.4264 70.0928 56.3205 54.4059 48.6621 59.5063 35.7771 73.2462 32.6497 68.5420 38.9102 50.9117 67.8823 57.6888 25.4951 78.3901 58.9406 53.2259 62.8172 23.2594 29.4279 12.8062 21.4709 53.9351 65.6201 53.0377 60.4152 71.2531 62.0322 48.3839 59.4811
  33: 74.9466 70.2140 45.6070 16.4012 55.3173 27.1662 46.3249 60.8769 18.0278 33.1361 10.2956 64.5136 38.8973 69.1809 19.4165 91.5860 10.0000 36.8782 19.2354 21.5870 29.6985 83.7616 19.2094 48.4149 50.2494 42.7551 48.9183 32.5576 47.0106 38.0132 37.0000 37.9473 60.8358 39.5980 64.3817 81.1542 13.8924
  34: 76.4853 70.6045 31.8904 30.2324 52.7731 40.2616 59.7746 58.5918 22.0907 23.2594 17.1172 63.2851 44.2945 64.2884 32.8938 79.6053 20.8087 35.2278 23.2594 33.0606 35.8469 71.5891 32.5576 52.2015 38.0526 33.5410 35.3553 19.7231 36.6742 27.4591 25.9615 30.6105 61.2209 45.1774 68.8186 80.4550
  35: 13.6015 12.0000 81.8413 86.8850 28.3196 78.1025 87.1321 22.6274 98.8989 100.8960 70.9366 17.2047 47.1699 26.6833 79.9062 79.0569 90.4765 45.2769 62.0322 70.7107 54.9181 77.1622 91.9837 37.0135 107.0561 110.5351 80.4550 73.5527 59.3633 63.1269 101.2373 109.8089 20.6155 47.0956 30.8707
  36: 17.7200 20.6155 82.2253 64.8845 32.7567 52.8110 58.0086 31.3847 82.2192 91.8096 54.4518 26.9258 25.4951 44.7772 56.7979 97.0824 72.0069 37.6431 46.0977 47.8853 34.7131 92.8924 69.7711 16.6433 102.9563 102.0833 82.3772 69.8928 63.1269 62.3699 93.6483 99.4032 19.6977 24.8395
  37: 37.6431 35.1283 64.0000 40.8534 30.5287 31.0161 42.5441 33.6155 57.3847 68.4251 29.8329 33.7343 1.0000 47.0106 33.2415 90.9725 47.2017 21.5407 21.9545 24.0416 9.8995 85.0882 45.8803 10.1980 81.3204 78.7147 65.1230 50.1597 49.3356 45.3982 70.7743 75.4718 27.0740
  38: 15.8114 9.4340 67.6240 66.2873 14.0357 58.0086 68.6804 11.7047 78.7147 82.7345 50.5668 7.8102 27.0185 25.2389 59.4138 77.4919 70.0071 26.1725 41.6293 50.2494 34.3657 73.5459 71.3863 17.4642 90.9725 92.6984 67.0671 57.1402 46.5725 47.8539 83.6301 91.2853
  39: 106.7755 100.5684 40.0000 49.0408 81.6088 63.6396 81.0062 87.4185 26.1725 9.4868 46.0652 92.6175 74.6257 90.7855 55.5788 90.7965 36.0555 65.1153 53.5350 59.4811 65.8635 82.6075 48.0937 82.8010 22.0227 7.2111 44.0114 38.6264 57.5674 49.7695 12.0416
  40: 99.3579 92.6984 28.0179 50.9902 72.9178 64.0703 82.7345 78.6448 30.8869 5.0000 42.9535 84.1724 69.8570 80.7775 56.1427 78.7718 38.3275 57.6281 49.0408 58.2151 61.6847 70.5762 51.2445 77.0260 13.9284 9.4340 32.0000 28.3019 46.6154 39.4462
  41: 63.5295 56.0803 19.9249 53.2541 35.2278 57.4891 76.6094 40.6079 49.4975 40.3113 33.3017 46.6154 44.4072 41.3401 52.3450 53.8238 47.1699 25.0799 31.0644 47.8017 40.1622 46.2277 56.9386 47.1699 43.9318 48.8774 20.0998 11.1803 9.2195
  42: 61.6847 53.8516 22.6716 61.9112 32.8938 65.0538 83.7377 37.5766 58.6941 48.0833 41.6173 43.8634 48.3839 35.3836 60.4401 45.4533 56.3028 27.8927 38.2099 55.1725 45.6508 38.1838 65.7647 49.2544 49.0408 55.9464 21.0950 19.2354
  43: 72.9452 65.8027 14.5602 48.7955 45.3431 55.9464 75.5910 50.9313 40.8044 29.1548 30.8869 56.7274 49.1630 52.4786 49.6488 59.9333 40.4969 32.3110 31.7805 47.0106 43.1045 51.8845 51.7397 53.8516 33.8378 37.7359 17.0000
  44: 82.4621 74.7329 4.1231 65.2993 53.7122 72.9452 92.5905 58.5918 54.2033 35.2278 47.8853 64.8460 64.1249 55.9732 66.5733 47.2969 55.9732 45.1774 48.3839 63.9766 59.0339 39.0512 67.8970 67.2681 29.9666 40.3113
  45: 108.3744 101.8332 36.4966 55.0364 82.2192 69.1809 87.0517 87.9659 32.7567 10.2956 49.9800 93.4345 77.8267 90.2109 61.1310 86.2090 42.0476 66.6033 56.7979 64.3273 69.3542 78.1025 54.4518 85.4400 15.2643
  46: 106.7801 99.6243 26.9258 64.7611 79.0253 77.4145 96.3379 84.5044 44.7214 18.7883 55.1453 90.4268 80.3617 84.3860 69.5845 73.0274 52.2015 65.7647 60.2080 71.0000 72.7805 65.1230 65.1460 86.5390
  47: 27.5136 25.0200 66.7533 50.9215 24.0832 41.1096 51.2445 25.8070 66.4003 75.1665 38.2884 24.6982 10.4403 39.8246 43.4166 87.6584 56.6039 22.0907 29.6985 34.2053 19.2354 82.4621 55.9732
  48: 83.4865 80.2808 64.4438 5.0990 69.0000 19.2094 33.2415 74.0608 22.0000 46.5725 25.0000 76.5310 45.5412 84.2912 13.0384 110.6752 13.0000 51.1566 32.1403 21.9317 37.1080 102.9029
  49: 85.2115 77.3175 43.1741 99.4032 60.1664 103.2376 121.8277 61.9839 92.3093 74.1485 79.5110 67.6018 84.2200 51.0098 98.4937 8.2462 92.2822 63.8122 76.3806 93.3488 83.0060
  50: 46.6154 43.1741 57.4282 32.0156 34.2053 24.7386 40.0000 38.4708 47.5079 59.0931 20.0000 40.0000 9.2195 50.5964 25.0799 89.4986 37.4433 19.8494 12.6491 16.0000
  51: 61.6847 58.8558 61.4654 17.0000 49.8197 10.0000 28.8444 54.3323 36.8917 54.5894 16.4924 56.0000 23.7697 65.9697 9.2195 100.4490 25.8070 33.6155 16.9706
  52: 55.7584 50.9902 46.3249 27.2947 37.1214 26.9072 45.6070 42.4264 37.2156 46.5188 8.9443 45.6070 21.0950 52.1536 23.2594 83.4865 28.4605 19.0263
  53: 41.7732 35.4683 44.7214 46.2709 18.4391 43.3820 59.8164 24.0416 54.0833 56.5862 27.1662 28.1780 20.6155 33.1361 41.4849 70.0000 46.6905
  54: 83.6481 79.3095 52.3450 13.0000 65.1153 27.8927 45.0111 70.6116 11.1803 33.7343 19.6469 74.0405 46.6154 79.1581 19.9249 100.2397
  55: 88.1192 80.4114 51.4198 107.0747 64.6220 110.3902 128.7245 65.8027 100.4639 82.3772 87.0057 71.0634 90.1388 53.7587 105.8915
  56: 70.8802 68.0661 63.6318 8.4853 58.4209 8.0623 26.9258 63.1269 31.0161 52.0096 19.1050 65.0308 32.9848 74.3303
  57: 34.3657 26.6833 57.9828 79.4040 16.5529 75.2861 89.4427 14.1421 85.3288 81.4125 60.0000 17.8885 46.5296
  58: 37.9473 35.2278 63.0000 40.4969 30.0167 31.0000 42.9535 33.2415 56.7274 67.5352 29.0689 33.5410
  59: 18.2483 10.1980 65.8635 71.4493 11.4018 64.2806 75.8947 6.3246 82.0792 83.7377 54.4059
  60: 64.6607 59.9333 45.1885 20.6155 45.5412 25.0599 44.7214 50.9902 28.3019 39.8497
  61: 98.3514 91.9348 31.1448 46.5296 72.6223 60.0000 78.4092 78.4092 25.9422
  62: 92.9624 88.1192 50.2494 23.5372 72.4224 38.8973 55.1453 78.1089
  63: 24.5153 16.4924 59.6825 69.0290 5.8310 63.1506 76.1577
  64: 75.2396 75.3127 89.8999 32.0156 72.8972 19.6977
  65: 68.0661 66.1211 70.2140 15.6525 58.9406
  66: 28.7924 21.0238 54.5894 64.0078
  67: 78.4347 75.1864 62.0081
  68: 83.1925 75.5910
  69: 8.0623
  70: 
EOF
