6612	5911	5096	2346	4722	3641	1556	820	8622	3642	4111	2422	1100	812	3899	6149	6564	5852	6434	1094	9753	883	591	7007	2645	10723	11021	2139	7540	12004	5926	6705	4278	4518	4779	6406	2706	2349	6090	7631	7447	7489	7346	4698	6827	6809	4916	2480	2311	3382	2391	3507	4548	2738	2806	1870	4158	4537	5020	3603	2678	3396	5834	2708	9305	2865	2698	2678	3236	2625	1640	1982	3267	2065	3412	2091	1069	1050	3603	3536	3269	4153	2499	2167	1649	2320	1069	1724	2133	2320	883	1038	1166	1888	3528	4114	1628	1453	3793	3764	1774	2285	3322	1249	1402	1416	1561	1148	1612	2133	1476	259	836	883	844	1044	1276	1233	1397	1874	418	991	1661	1353	1556	656	0
6165	6493	5180	1860	4571	3856	957	1050	9278	2994	4698	2794	998	1358	3787	5502	5908	6422	7056	1740	9132	1512	1194	7315	2101	11238	11489	2189	7475	11977	5908	7341	3964	3863	4292	6406	2935	2691	6072	8229	8038	8070	7924	5301	7373	7378	5515	3045	2909	3995	3045	4153	5199	3388	3443	2509	4773	5180	5675	4248	3275	3045	5560	2767	9953	3185	2982	3036	3613	2706	984	1411	2786	1416	2767	1661	418	676	2964	2881	2650	3507	1913	1628	1713	2320	1297	1561	2231	2499	883	1038	906	1972	3778	4417	2117	1755	4080	3946	2207	2594	3602	1870	2029	2065	2216	1805	2252	2789	2133	625	1486	1281	778	1578	1801	1358	1945	2491	844	1612	1166	1996	1870	0	656
8034	6384	3613	2380	6278	5020	2201	820	8190	4218	4646	928	1100	906	2730	6580	7175	4773	5616	1358	10753	1194	1148	5467	3944	11373	11813	928	6187	13516	7448	5993	5800	5292	6152	4989	1160	820	4698	6648	6435	6434	6279	5109	7428	7312	5341	3267	2982	3830	2555	3642	4512	2458	2334	1640	3364	3968	4636	3123	1903	2825	4884	1358	9182	1323	1142	1166	1744	1249	2594	2389	3089	3071	3959	2052	2091	1548	4086	4203	3642	4666	3719	3482	3185	3861	2576	3275	3642	3777	2439	2594	2678	3412	4873	5374	2767	2872	5084	5173	2994	3624	4640	1183	1281	1526	1755	1616	1508	2207	1774	1816	1353	2303	1166	2228	706	625	812	1435	1142	1142	1972	1411	0	1870	1556
7803	5010	4858	3372	5545	3877	2794	1402	7301	4924	3248	1812	1920	778	4140	7411	7876	4577	5088	259	11103	492	820	6231	3964	9977	10403	2332	7522	12487	6490	5352	5341	5852	6029	6288	2389	1834	6019	6311	6135	6191	6052	3741	6032	5934	3971	1874	1578	2439	1211	2349	3324	1397	1453	519	2825	3185	3692	2252	1397	4119	6291	2757	8078	2303	2252	2052	2483	2645	2971	3156	4222	3412	4682	3062	2391	2158	4857	4840	4478	5424	3840	3490	2461	3095	1860	2786	2789	2803	2002	2101	2391	2617	3699	4114	1578	1945	3856	4060	1834	2509	3449	232	164	116	348	367	259	883	367	1508	519	1512	1771	1211	706	1661	625	580	1233	418	2767	0	1411	1996	1353
6471	7569	4524	696	5414	4989	418	1397	10019	2252	5769	2825	906	1996	2900	4676	5220	6744	7565	2547	8804	2288	1972	6995	2391	12375	12646	1740	6570	12891	6868	7917	4601	3322	4558	5598	2678	2678	5246	8619	8407	8404	8249	6346	8487	8469	6567	4140	3968	5026	3944	5084	6088	4131	4104	3225	5290	5824	6417	4924	3787	1920	4463	2231	10845	3071	2822	3012	3573	2216	935	418	1624	1323	1996	519	883	625	2139	2231	1724	2718	2091	2029	2825	3372	2461	2547	3340	3633	2026	2167	1920	3082	4924	5574	3256	2921	5234	5064	3364	3757	4756	2576	2738	2865	3065	2698	2994	3641	3009	1744	2334	2436	998	2691	2297	1353	2461	3121	1556	2349	0	2767	1972	1166	1661
7548	5381	4711	2957	5431	3937	2380	991	7710	4512	3603	1740	1508	367	3856	6996	7468	4869	5447	232	10739	116	418	6279	3633	10325	10723	2026	7324	12505	6468	5730	5137	5453	5742	6113	2228	1724	5829	6640	6457	6501	6359	4119	6384	6303	4348	2139	1870	2806	1616	2757	3741	1805	1834	906	3168	3573	4101	2645	1689	3741	5971	2499	8497	2228	2133	1996	2491	2391	2576	2738	3816	3025	4268	2650	1996	1740	4441	4432	4060	5010	3490	3156	2311	2973	1689	2563	2698	2767	1740	1860	2101	2499	3777	4248	1649	1870	3968	4104	1888	2544	3536	259	418	519	734	478	656	1297	706	1183	259	1358	1353	1160	492	1281	519	883	820	0	2349	418	1142	1612	991
6964	6052	4682	2201	5138	4022	1561	418	8531	3692	4254	2026	812	519	3528	6179	6649	5578	6231	998	9965	743	418	6603	2937	10926	11262	1740	7147	12419	6342	6531	4670	4640	5109	6002	2288	1945	5689	7389	7196	7227	7080	4812	7007	6962	5036	2671	2461	3490	2389	3528	4537	2625	2645	1724	3944	4385	4921	3461	2439	3134	5515	2303	9298	2458	2285	2279	2844	2216	1771	1931	3095	2231	3449	1913	1194	935	3624	3613	3250	4190	2757	2461	2065	2738	1476	2133	2544	2718	1297	1453	1548	2303	3899	4464	1913	1834	4150	4153	2091	2648	3685	1069	1233	1323	1512	1142	1476	2091	1453	676	778	1255	591	1323	957	836	1100	1673	0	820	1556	1233	1142	844	418
8381	4989	4565	3668	6105	4343	3208	1724	6898	5337	3299	1508	2228	1160	4067	7796	8304	4005	4565	820	11621	991	1297	5730	4512	10000	10490	2346	7281	12966	7003	4858	5921	6311	6599	6020	2167	1578	5773	5759	5578	5627	5486	3714	6060	5917	3946	2158	1834	2480	1183	2216	3082	1038	984	259	2285	2718	3297	1805	820	4256	6264	2671	7786	1972	1982	1713	2052	2555	3443	3528	4463	3899	5088	3346	2865	2544	5250	5273	4846	5824	4373	4035	3036	3663	2439	3366	3348	3340	2576	2678	2957	3185	4153	4512	2075	2504	4278	4537	2334	3009	3898	625	478	591	676	935	367	844	778	2056	1069	2091	2133	1774	836	1870	676	0	1673	883	3121	580	1435	2491	1874
8005	5573	4248	2994	5947	4432	2576	1069	7562	4693	3835	1233	1561	591	3528	7137	7664	4478	5153	656	11060	625	812	5760	4027	10562	11008	1740	6900	13015	6984	5475	5627	5695	6175	5670	1771	1233	5397	6291	6096	6126	5979	4298	6616	6500	4530	2499	2201	3018	1744	2844	3748	1713	1649	844	2865	3364	3968	2466	1353	3602	5695	2139	8462	1724	1649	1486	1972	2026	2853	2872	3787	3322	4441	2671	2285	1903	4596	4640	4184	5173	3856	3549	2825	3490	2201	3051	3217	3283	2216	2346	2552	3016	4265	4711	2133	2389	4441	4605	2380	3045	4020	418	478	734	957	906	696	1397	991	1624	778	1874	1486	1673	164	1194	0	676	1100	519	2461	625	812	1945	1397
7482	6662	3877	1812	5890	4858	1578	418	8733	3603	4884	1526	478	928	2698	5993	6567	5396	6218	1512	10129	1276	1069	5965	3372	11602	11984	906	6311	13227	7148	6580	5322	4669	5587	5173	1578	1397	4857	7267	7056	7057	6903	5397	7664	7584	5627	3382	3134	4086	2870	4000	4935	2907	2832	2026	3951	4518	5151	3642	2461	2461	4732	1476	9656	1860	1640	1744	2323	1397	1986	1771	2594	2461	3346	1486	1512	935	3480	3583	3045	4060	3132	2921	2872	3536	2303	2865	3364	3551	2065	2228	2231	3117	4735	5292	2715	2671	4981	4989	2909	3482	4518	1435	1578	1774	2002	1740	1834	2533	1986	1476	1397	2091	591	2133	1038	0	1194	1870	836	1281	1353	1661	625	1358	1233
7888	5695	4222	2832	5881	4429	2414	906	7726	4530	3946	1255	1397	464	3435	6973	7501	4623	5312	676	10906	580	706	5819	3891	10675	11108	1628	6851	12993	6949	5638	5530	5534	6050	5632	1740	1233	5352	6443	6247	6274	6126	4422	6729	6621	4653	2568	2279	3132	1870	2982	3899	1870	1812	991	3025	3528	4131	2630	1512	3461	5587	2056	8619	1740	1640	1512	2026	1945	2698	2708	3631	3168	4278	2509	2133	1740	4432	4478	4020	5010	3714	3414	2757	3427	2133	2957	3166	3250	2117	2252	2439	2957	4268	4733	2139	2349	4457	4596	2380	3036	4027	478	580	820	1050	935	820	1526	1069	1512	743	1816	1323	1649	0	1038	164	836	957	492	2297	706	706	1801	1276
6694	4916	5838	3382	4334	2794	2533	1724	7958	4518	3123	2900	2117	1323	4829	7023	7356	5695	6055	1038	10267	1069	1094	7419	3089	9684	9977	3009	8399	11345	5312	6247	4178	5273	4989	7215	3364	2881	6918	7348	7190	7267	7137	3735	5801	5800	3946	1467	1353	2447	1713	2708	3777	2279	2461	1628	3872	4073	4417	3156	2563	4432	6837	3541	8481	3388	3285	3156	3641	3443	2491	2982	4306	2832	4306	3134	1982	2091	4514	4377	4222	5036	3045	2645	1276	1888	734	1689	1578	1612	1069	1094	1486	1411	2645	3166	591	734	2865	2953	778	1397	2414	1297	1358	1183	1160	844	1411	1578	1044	957	906	418	1870	0	1649	2133	1673	1774	1323	1160	2691	1211	2228	1578	1044
6892	6643	4410	1616	5341	4463	1094	418	9029	3208	4846	2091	259	998	3089	5665	6179	5881	6628	1556	9629	1297	991	6556	2786	11513	11837	1416	6758	12720	6644	6960	4739	4218	5000	5660	2167	1972	5332	7730	7527	7540	7389	5402	7597	7553	5627	3256	3051	4080	2957	4100	5093	3134	3117	2228	4343	4846	5424	3937	2832	2563	4989	1996	9849	2447	2231	2320	2900	1931	1435	1397	2504	1913	2957	1323	928	418	3117	3156	2718	3692	2555	2332	2391	3036	1870	2320	2900	3123	1561	1724	1673	2645	4359	4956	2461	2285	4631	4576	2617	3123	4158	1578	1740	1870	2075	1724	1996	2648	2026	1038	1358	1724	0	1870	1323	591	1486	2133	591	1353	998	1771	1166	778	844
6316	5256	5906	3132	4073	2767	2231	1673	8375	4150	3476	3065	1982	1416	4777	6648	6960	6060	6457	1297	9849	1249	1160	7632	2671	9958	10211	2994	8401	11214	5151	6657	3830	4873	4589	7248	3461	3025	6939	7738	7576	7647	7514	4101	6105	6126	4306	1816	1740	2832	2129	3121	4190	2678	2844	1975	4254	4481	4835	3558	2900	4254	6713	3551	8883	3541	3412	3324	3840	3461	2133	2691	4060	2447	3946	2909	1661	1870	4158	4000	3889	4669	2630	2228	957	1616	348	1297	1353	1476	656	676	1069	1142	2648	3231	844	580	2909	2900	928	1402	2439	1548	1640	1508	1526	1160	1740	1982	1411	706	1100	0	1724	418	1816	2091	1874	2091	1255	1358	2436	1512	2303	1281	883
7323	5302	4946	2973	5173	3692	2320	1050	7796	4441	3511	1996	1548	478	4035	6939	7382	5074	5607	259	10584	164	367	6538	3449	10214	10587	2201	7540	12250	6210	5870	4894	5347	5530	6339	2466	1975	6050	6823	6644	6696	6556	4052	6281	6218	4278	1986	1740	2730	1612	2750	3764	1903	1972	1038	3340	3701	4190	2767	1888	3835	6122	2698	8526	2483	2380	2252	2750	2594	2466	2706	3856	2900	4203	2678	1888	1713	4385	4348	4022	4946	3322	2973	2056	2715	1435	2323	2439	2509	1512	1624	1888	2240	3536	4022	1416	1612	3735	3856	1649	2297	3297	464	591	580	743	367	778	1323	676	991	0	1100	1358	906	743	1397	778	1069	778	259	2334	519	1353	1486	836
6381	5869	5347	2439	4463	3425	1578	1069	8719	3603	4073	2678	1297	1050	4119	6113	6493	6052	6596	1249	9601	1069	812	7265	2458	10633	10905	2380	7773	11753	5675	6851	4027	4429	4561	6649	2964	2607	6329	7813	7633	7681	7540	4676	6757	6756	4890	2422	2285	3372	2461	3551	4605	2865	2957	2026	4331	4676	5128	3741	2870	3549	6016	2953	9350	3123	2957	2935	3490	2872	1578	2026	3366	1969	3382	2207	1038	1166	3583	3480	3275	4119	2334	1982	1397	2065	836	1467	1888	2091	625	778	928	1640	3322	3925	1512	1249	3598	3541	1628	2091	3123	1435	1578	1556	1673	1255	1767	2228	1578	0	991	706	1038	957	1512	1476	1624	2056	676	1183	1744	1508	1816	625	259
7727	4676	5214	3641	5347	3573	2994	1689	7148	5109	2902	2158	2201	1069	4505	7610	8040	4653	5064	478	11166	734	1038	6505	3995	9628	10043	2691	7885	12194	6225	5292	5221	5993	5993	6648	2750	2189	6381	6330	6165	6236	6103	3414	5685	5598	3642	1508	1211	2101	935	2075	3089	1297	1435	591	2844	3113	3551	2179	1526	4446	6649	3123	7850	2645	2607	2391	2794	3012	3117	3382	4512	3536	4873	3340	2544	2389	5058	5010	4698	5616	3899	3528	2320	2921	1755	2708	2594	2568	1982	2056	2391	2447	3388	3777	1297	1755	3528	3764	1556	2231	3134	591	519	259	116	328	418	656	0	1578	676	1411	2026	1044	1069	1986	991	778	1453	706	3009	367	1774	2133	1476
8259	4178	5396	4254	5726	3735	3642	2285	6493	5763	2461	2349	2803	1661	4894	8261	8696	4178	4478	1094	11798	1353	1673	6380	4620	9176	9650	3134	8121	12334	6463	4676	5714	6649	6567	6855	3012	2422	6613	5779	5627	5714	5587	2902	5232	5105	3134	1397	1069	1640	348	1467	2447	706	935	591	2323	2499	2900	1578	1255	4983	7080	3497	7207	2803	2825	2544	2832	3382	3773	4022	5105	4190	5526	3946	3200	3025	5708	5665	5341	6268	4537	4158	2822	3366	2311	3267	3016	2921	2594	2650	3009	2909	3528	3805	1628	2216	3603	3946	1870	2504	3269	1100	957	778	580	984	706	0	656	2228	1323	1982	2648	1578	1526	2533	1397	844	2091	1297	3641	883	2207	2789	2133
8045	4878	4835	3583	5739	3991	3036	1612	7054	5168	3141	1771	2129	998	4216	7650	8124	4331	4829	519	11362	743	1069	6088	4222	9866	10319	2436	7527	12612	6640	5093	5569	6105	6279	6278	2391	1816	6020	6055	5881	5939	5801	3603	5921	5805	3835	1870	1556	2323	1050	2167	3113	1148	1194	259	2568	2928	3445	1996	1160	4278	6389	2822	7858	2252	2231	1996	2380	2708	3225	3388	4417	3668	4924	3269	2645	2391	5096	5088	4711	5665	4100	3748	2678	3299	2088	3025	2982	2973	2252	2346	2645	2822	3805	4184	1713	2139	3941	4182	1972	2648	3551	418	259	232	328	580	0	706	418	1767	778	1740	1996	1411	820	1834	696	367	1476	656	2994	259	1508	2252	1612
7468	4939	5151	3340	5179	3536	2671	1411	7475	4783	3151	2133	1913	812	4334	7285	7712	4906	5364	259	10850	464	734	6592	3687	9863	10250	2504	7786	12136	6129	5603	4989	5665	5712	6566	2671	2139	6288	6613	6443	6506	6371	3687	5926	5857	3913	1661	1397	2366	1255	2389	3412	1612	1724	820	3123	3425	3877	2491	1740	4190	6447	2973	8173	2625	2555	2380	2832	2865	2789	3065	4222	3208	4548	3045	2216	2075	4733	4682	4377	5290	3583	3217	2101	2730	1508	2447	2422	2439	1689	1774	2091	2252	3364	3805	1233	1578	3536	3714	1486	2158	3117	492	519	348	418	0	580	984	328	1255	367	1160	1724	844	935	1740	906	935	1142	478	2698	367	1616	1805	1148
7842	4663	5153	3687	5461	3668	3062	1724	7062	5184	2900	2091	2240	1100	4482	7681	8121	4537	4956	519	11267	778	1094	6406	4100	9629	10057	2678	7835	12290	6329	5188	5337	6079	6105	6592	2698	2129	6329	6218	6052	6122	5988	3396	5684	5587	3626	1556	1249	2091	883	2026	3025	1194	1323	478	2730	3009	3461	2075	1411	4463	6637	3095	7786	2576	2547	2320	2708	2982	3200	3443	4549	3624	4946	3382	2625	2447	5128	5088	4762	5689	4000	3631	2436	3036	1870	2822	2708	2678	2091	2167	2499	2563	3480	3856	1402	1870	3613	3861	1661	2334	3225	580	478	232	0	418	328	580	116	1673	743	1526	2075	1160	1050	2002	957	676	1512	734	3065	348	1755	2216	1561
7814	4894	4956	3476	5515	3805	2881	1508	7220	5010	3132	1903	2026	883	4254	7501	7957	4561	5042	328	11157	580	906	6288	4007	9861	10287	2447	7626	12421	6435	5295	5337	5926	6052	6388	2491	1931	6122	6278	6105	6165	6029	3626	5916	5819	3856	1767	1467	2323	1100	2240	3223	1323	1402	478	2789	3123	3613	2189	1392	4234	6406	2870	7980	2391	2349	2139	2555	2757	3045	3250	4331	3480	4769	3168	2466	2252	4946	4921	4571	5511	3891	3534	2447	3071	1856	2794	2757	2757	2026	2117	2422	2594	3624	4027	1512	1913	3773	3991	1771	2447	3372	348	259	0	232	348	232	778	259	1556	580	1508	1870	1183	820	1774	734	591	1323	519	2865	116	1526	2065	1416
7909	5116	4698	3324	5689	4040	2789	1353	7301	4921	3366	1649	1870	743	4005	7399	7881	4482	5032	348	11154	519	836	6073	4035	10095	10532	2207	7367	12649	6648	5312	5463	5870	6122	6129	2231	1673	5862	6236	6055	6105	5965	3844	6149	6042	4075	2026	1724	2552	1297	2422	3372	1397	1416	492	2757	3156	3692	2228	1297	4027	6165	2617	8117	2139	2091	1888	2320	2504	2994	3134	4158	3443	4676	3009	2414	2139	4846	4846	4457	5416	3899	3558	2594	3236	1986	2900	2935	2957	2101	2207	2480	2757	3863	4278	1740	2091	4020	4222	1996	2671	3613	164	0	259	478	519	259	957	519	1578	591	1640	1740	1358	580	1578	478	478	1233	418	2738	164	1281	2029	1402
7786	5241	4666	3166	5613	4027	2625	1194	7465	4757	3480	1640	1713	580	3913	7235	7717	4618	5188	259	10998	367	676	6122	3889	10209	10633	2101	7315	12622	6605	5472	5356	5708	5988	6088	2189	1649	5814	6383	6200	6247	6105	3971	6264	6165	4202	2091	1801	2671	1435	2568	3528	1561	1578	656	2909	3318	3856	2391	1435	3891	6060	2533	8276	2133	2065	1888	2349	2422	2832	2971	4007	3283	4512	2853	2252	1975	4682	4682	4294	5252	3748	3412	2504	3156	1888	2786	2865	2907	1975	2088	2346	2678	3856	4294	1724	2026	4027	4203	1975	2645	3609	0	164	348	580	492	418	1100	591	1435	464	1548	1578	1297	478	1435	418	625	1069	259	2576	232	1183	1870	1249
6029	4027	8243	5437	2900	478	4463	4101	8256	5971	2715	5250	4417	3735	7213	8302	8379	7260	7196	3364	10417	3461	3507	9620	3889	8034	8105	5411	10810	9075	3236	7200	3480	6346	4840	9629	5763	5252	9332	8597	8497	8634	8532	3322	4505	4693	3425	1945	2240	2671	3123	3366	4216	3856	4158	3668	5402	5252	5225	4530	4518	6644	9138	5952	8204	5742	5665	5496	5926	5855	4182	4921	6350	4298	5829	5261	3891	4256	6060	5759	5917	6465	4052	3663	1975	1689	2311	2447	1512	1160	2730	2594	2909	1740	259	820	1888	1874	478	706	1649	1038	0	3609	3613	3372	3225	3117	3551	3269	3134	3123	3297	2439	4158	2414	4027	4518	4020	3898	3685	3536	4756	3449	4640	3602	3322
6055	4410	7235	4446	3250	1397	3488	3065	8197	5149	2794	4278	3382	2718	6175	7562	7731	6649	6764	2391	10129	2461	2483	8734	3223	8808	8969	4377	9781	9979	3995	6848	3449	5656	4601	8607	4760	4268	8307	8133	8007	8120	8005	3449	5088	5194	3609	1435	1628	2439	2447	3012	4007	3166	3435	2803	4779	4769	4895	3946	3707	5627	8108	4923	8392	4769	4676	4530	4989	4828	3256	3951	5367	3435	4983	4254	2909	3236	5210	4956	5022	5657	3322	2909	1100	1160	1297	1661	820	519	1744	1624	1986	935	1255	1834	935	844	1508	1561	676	0	1038	2645	2671	2447	2334	2158	2648	2504	2231	2091	2297	1402	3123	1397	3036	3482	3045	3009	2648	2544	3757	2509	3624	2594	2285
6501	4410	6595	4060	3856	2052	3151	2499	7858	4997	2671	3613	2870	2091	5607	7471	7722	6042	6236	1724	10371	1812	1870	8058	3285	9040	9283	3787	9173	10653	4669	6359	3913	5632	4928	7983	4114	3609	7689	7584	7447	7548	7428	3318	5211	5256	3507	1069	1142	2139	1860	2594	3641	2555	2806	2133	4178	4234	4440	3372	3045	5168	7600	4317	8202	4104	4020	3863	4315	4218	3012	3613	4988	3275	4807	3835	2576	2794	5026	4829	4783	5515	3318	2900	1160	1548	991	1724	1183	1050	1467	1402	1816	1142	1888	2389	259	580	2091	2228	0	676	1649	1975	1996	1771	1661	1486	1972	1870	1556	1628	1649	928	2617	778	2380	2909	2380	2334	2091	1888	3364	1834	2994	2207	1774
5502	4505	8786	5723	2285	232	4733	4571	8878	6033	3348	5838	4835	4268	7660	8259	8256	7964	7896	3951	10028	4020	4027	10267	3856	8165	8131	5893	11300	8430	2533	7891	3036	6279	4478	10145	6316	5829	9838	9298	9200	9339	9237	3925	4846	5088	4007	2645	2935	3364	3816	4067	4894	4549	4847	4317	6105	5957	5917	5234	5188	6979	9505	6450	8734	6329	6236	6090	6542	6359	4391	5179	6613	4432	5917	5580	4182	4618	6149	5805	6060	6505	4067	3712	2240	1755	2706	2594	1724	1453	3062	2909	3156	1982	464	906	2483	2320	676	0	2228	1561	706	4203	4222	3991	3861	3714	4182	3946	3764	3541	3856	2900	4576	2953	4596	4989	4605	4537	4153	4104	5064	4060	5173	3946	3764
6177	3830	8678	5915	2957	492	4939	4565	8222	6418	2708	5665	4890	4182	7678	8722	8771	7489	7341	3787	10675	3898	3959	9979	4305	7631	7667	5870	11263	8734	3036	7309	3692	6756	5109	10073	6196	5675	9781	8749	8662	8811	8715	3267	4203	4429	3340	2231	2547	2806	3425	3528	4294	4150	4463	4040	5650	5437	5341	4769	4858	7122	9613	6406	8058	6157	6090	5908	6321	6308	4653	5397	6827	4757	6281	5739	4368	4733	6513	6201	6380	6907	4482	4101	2447	2117	2789	2902	1972	1628	3208	3071	3382	2207	367	348	2320	2349	0	676	2091	1508	478	4027	4020	3773	3613	3536	3941	3603	3528	3598	3735	2909	4631	2865	4457	4981	4441	4278	4150	3968	5234	3856	5084	4080	3793
6052	4981	6480	3613	3602	2189	2668	2252	8399	4440	3250	3603	2544	1975	5352	6903	7144	6381	6669	1767	9817	1771	1724	8145	2708	9556	9761	3573	8981	10652	4601	6823	3497	5054	4417	7827	4027	3573	7519	7991	7842	7930	7803	3898	5759	5819	4086	1640	1673	2708	2279	3123	4182	2921	3134	2346	4537	4670	4935	3777	3281	4783	7265	4131	8777	4086	3968	3861	4360	4040	2480	3132	4537	2715	4256	3414	2088	2391	4478	4265	4254	4956	2738	2320	625	1166	464	1160	844	906	935	844	1249	696	2075	2678	676	0	2349	2320	580	844	1874	2026	2091	1913	1870	1578	2139	2216	1755	1249	1612	580	2285	734	2349	2671	2389	2504	1834	1870	2921	1945	2872	1755	1453
6696	4417	6359	3951	4101	2303	3071	2311	7722	4983	2648	3364	2708	1870	5407	7472	7755	5805	6029	1476	10491	1578	1661	7799	3364	9122	9396	3581	8952	10910	4928	6167	4119	5664	5088	7755	3877	3364	7465	7367	7226	7323	7200	3283	5261	5283	3482	998	998	2052	1640	2447	3507	2320	2563	1874	3944	4027	4265	3151	2789	5022	7428	4101	8124	3856	3777	3613	4060	4000	2973	3528	4878	3269	4783	3712	2504	2668	4997	4825	4733	5501	3372	2957	1297	1755	998	1834	1397	1297	1453	1416	1834	1323	2133	2607	0	676	2320	2483	259	935	1888	1724	1740	1512	1402	1233	1713	1628	1297	1512	1416	844	2461	591	2139	2715	2133	2075	1913	1649	3256	1578	2767	2117	1628
6380	3641	8955	6256	3123	778	5283	4878	8131	6764	2671	5926	5214	4476	7990	9060	9098	7593	7382	4060	10934	4182	4259	10185	4643	7304	7325	6175	11559	8564	3016	7323	3941	7091	5382	10360	6473	5942	10071	8793	8715	8872	8782	3185	3941	4190	3236	2414	2738	2870	3603	3602	4298	4317	4636	4268	5773	5515	5367	4890	5058	7457	9942	6705	7888	6417	6359	6165	6562	6605	5000	5742	7170	5105	6628	6078	4711	5067	6860	6547	6728	7252	4825	4446	2794	2461	3123	3250	2320	1975	3549	3414	3728	2555	706	0	2607	2678	348	906	2389	1834	820	4294	4278	4027	3856	3805	4184	3805	3777	3925	4022	3231	4956	3166	4733	5292	4711	4512	4464	4248	5574	4114	5374	4417	4114
5890	4131	8481	5599	2715	232	4618	4317	8437	6060	2900	5496	4618	3968	7425	8356	8404	7512	7432	3609	10340	3699	3735	9877	3939	7998	8031	5632	11035	8817	2982	7428	3372	6389	4769	9860	6002	5496	9561	8835	8738	8878	8777	3490	4548	4760	3581	2201	2499	2900	3382	3603	4432	4114	4417	3925	5657	5496	5453	4783	4777	6823	9328	6177	8337	5988	5908	5744	6179	6082	4317	5074	6506	4408	5926	5433	4052	4440	6158	5842	6033	6547	4119	3741	2117	1755	2499	2552	1628	1297	2900	2757	3051	1870	0	706	2133	2075	367	464	1888	1255	259	3856	3863	3624	3480	3364	3805	3528	3388	3322	3536	2648	4359	2645	4268	4735	4265	4153	3899	3777	4924	3699	4873	3778	3528
5374	5341	6984	3744	2935	1913	2757	2708	8993	4254	3692	4203	2900	2547	5731	6640	6797	7077	7348	2422	9258	2391	2288	8775	2288	9707	9827	4020	9402	10116	4040	7489	2806	4723	3787	8288	4571	4158	7967	8678	8532	8622	8497	4348	6020	6129	4518	2189	2285	3250	2957	3735	4777	3613	3830	3036	5232	5347	5580	4463	3971	4997	7527	4593	9278	4676	4537	4463	4983	4512	2447	3208	4643	2563	4101	3598	2201	2648	4331	4052	4178	4756	2391	1982	259	478	836	734	259	580	1094	935	1183	0	1870	2555	1323	696	2207	1982	1142	935	1740	2678	2757	2594	2563	2252	2822	2909	2447	1640	2240	1142	2645	1411	2957	3117	3016	3185	2303	2499	3082	2617	3412	1972	1888
5453	6225	6082	2568	3668	3095	1578	1874	9442	3192	4476	3573	1903	1975	4682	5656	5921	6962	7454	2139	8793	1986	1740	8145	1612	10784	10954	3089	8373	11074	5010	7681	3123	3830	3642	7312	3793	3490	6976	8700	8526	8582	8443	5116	7007	7067	5312	2832	2794	3877	3185	4190	5260	3687	3816	2900	5211	5501	5890	4570	3777	3840	6381	3668	9942	4000	3816	3826	4391	3603	1276	2026	3461	1467	3012	2439	1038	1561	3236	3016	3036	3707	1561	1160	935	1453	836	656	1435	1755	418	418	0	1183	3051	3728	1834	1249	3382	3156	1816	1986	2909	2346	2480	2422	2499	2091	2645	3009	2391	928	1888	1069	1673	1486	2439	2231	2552	2957	1548	2101	1920	2391	2678	906	1166
5703	5810	6105	2844	3685	2825	1870	1834	9049	3598	4058	3449	1975	1801	4802	6070	6339	6677	7117	1860	9173	1744	1548	8038	1996	10397	10587	3121	8481	11002	4924	7326	3281	4248	3939	7382	3741	3382	7056	8384	8216	8281	8145	4698	6603	6657	4894	2414	2380	3461	2806	3787	4857	3340	3490	2594	4895	5149	5511	4222	3497	4073	6596	3699	9528	3899	3735	3707	4256	3624	1640	2332	3757	1874	3412	2678	1297	1713	3633	3427	3414	4114	1969	1561	676	1312	418	706	1194	1467	164	0	418	935	2757	3414	1416	844	3071	2909	1402	1624	2594	2088	2207	2117	2167	1774	2346	2650	2056	778	1624	676	1724	1094	2252	2228	2346	2678	1453	1860	2167	2101	2594	1038	1038
5810	5866	5942	2708	3842	2973	1744	1673	9025	3534	4101	3301	1812	1661	4640	6019	6311	6579	7046	1755	9211	1624	1411	7889	2029	10490	10695	2957	8317	11166	5088	7267	3414	4222	4027	7218	3583	3231	6892	8302	8131	8191	8053	4735	6678	6721	4935	2447	2391	3480	2767	3777	4846	3275	3412	2504	4812	5088	5472	4158	3396	3925	6443	3536	9537	3748	3581	3558	4111	3461	1548	2207	3626	1816	3340	2533	1166	1556	3558	3372	3322	4052	1975	1578	836	1476	478	844	1353	1616	0	164	418	1094	2900	3549	1453	935	3208	3062	1467	1744	2730	1975	2101	2026	2091	1689	2252	2594	1982	625	1512	656	1561	1069	2117	2065	2216	2576	1297	1740	2026	2002	2439	883	883
5540	4873	7382	4305	2806	1358	3322	3134	8715	4825	3297	4505	3382	2881	6210	7190	7316	7091	7252	2648	9625	2671	2630	9028	2803	9146	9252	4457	9860	9747	3701	7348	2935	5256	4086	8719	4932	4478	8407	8612	8481	8587	8469	3951	5500	5632	4104	1945	2117	2957	2900	3522	4524	3603	3856	3156	5225	5252	5402	4410	4080	5540	8058	5020	8897	4989	4873	4762	5252	4932	3025	3777	5210	3141	4676	4145	2757	3168	4906	4618	4757	5323	2935	2533	820	656	1255	1297	367	0	1616	1467	1755	580	1297	1975	1297	906	1628	1453	1050	519	1160	2907	2957	2757	2678	2439	2973	2921	2568	2091	2509	1476	3123	1612	3250	3551	3283	3340	2718	2767	3633	2803	3777	2499	2320
5322	5220	7226	4000	2757	1661	3012	2953	8980	4463	3613	4417	3156	2767	5987	6823	6952	7193	7419	2607	9313	2594	2509	8977	2439	9513	9613	4268	9656	9877	3805	7540	2730	4890	3800	8537	4802	4377	8217	8762	8622	8719	8597	4268	5862	5988	4429	2179	2311	3223	3036	3748	4773	3714	3946	3185	5337	5416	5613	4548	4119	5256	7786	4840	9210	4894	4762	4676	5188	4757	2691	3461	4895	2786	4317	3856	2458	2907	4548	4254	4408	4960	2568	2167	519	367	1069	935	0	367	1353	1194	1435	259	1628	2320	1397	844	1972	1724	1183	820	1512	2865	2935	2757	2708	2422	2982	3016	2594	1888	2439	1353	2900	1578	3166	3364	3217	3348	2544	2698	3340	2789	3642	2231	2133
5022	6050	6729	3168	3025	2563	2179	2491	9556	3528	4367	4145	2555	2504	5337	5907	6073	7353	7744	2552	8657	2447	2252	8732	1578	10439	10548	3735	9029	10417	4354	7929	2576	3995	3301	7967	4410	4073	7632	9034	8872	8944	8811	5020	6749	6851	5199	2794	2832	3863	3382	4279	5341	3968	4140	3267	5551	5759	6070	4844	4182	4463	7008	4315	9925	4589	4417	4402	4956	4248	1801	2607	4035	1856	3382	3065	1673	2216	3613	3322	3482	4027	1661	1249	580	844	957	0	935	1297	844	706	656	734	2552	3250	1834	1160	2902	2594	1724	1661	2447	2786	2900	2794	2822	2447	3025	3267	2708	1467	2323	1297	2320	1689	2957	2865	3051	3366	2133	2563	2547	2786	3275	1561	1724
5971	5396	6157	3151	3748	2594	2204	1888	8657	4007	3641	3372	2129	1713	4956	6485	6757	6406	6789	1640	9556	1578	1453	7951	2391	10012	10224	3208	8607	10946	4873	6979	3482	4666	4256	7475	3735	3324	7159	8078	7917	7991	7858	4279	6200	6247	4476	1996	1969	3045	2439	3388	4457	3012	3185	2323	4596	4807	5138	3889	3248	4334	6829	3777	9114	3842	3701	3631	4158	3692	2026	2668	4075	2285	3816	2957	1624	1945	4035	3840	3800	4524	2380	1969	625	1297	0	957	1069	1255	478	418	836	836	2499	3123	998	464	2789	2706	991	1297	2311	1888	1986	1856	1870	1508	2088	2311	1755	836	1435	348	1870	734	2133	2303	2201	2439	1476	1689	2461	1860	2576	1297	1069
4956	5526	7411	4007	2458	1740	3016	3134	9341	4306	3951	4669	3285	3009	6105	6613	6702	7540	7782	2900	8971	2865	2750	9246	2201	9723	9784	4432	9789	9691	3613	7906	2366	4659	3443	8695	5019	4620	8368	9122	8980	9075	8951	4605	6129	6274	4760	2544	2678	3583	3396	4114	5137	4067	4292	3511	5689	5779	5979	4906	4446	5292	7834	5010	9550	5138	4993	4928	5453	4932	2645	3449	4879	2678	4178	3891	2491	2994	4410	4086	4306	4791	2366	1986	676	0	1297	844	367	656	1476	1312	1453	478	1755	2461	1755	1166	2117	1755	1548	1160	1689	3156	3236	3071	3036	2730	3299	3366	2921	2065	2715	1616	3036	1888	3427	3536	3490	3663	2738	2973	3372	3095	3861	2320	2320
5437	5472	6744	3490	3123	2167	2504	2466	9013	4052	3787	3995	2645	2334	5475	6463	6648	6969	7287	2252	9211	2201	2075	8575	2158	9904	10043	3773	9149	10356	4278	7447	2902	4565	3793	8040	4343	3944	7717	8601	8449	8532	8403	4441	6184	6278	4620	2228	2288	3297	2900	3741	4795	3528	3728	2902	5137	5290	5560	4391	3835	4739	7267	4348	9352	4463	4317	4254	4783	4268	2207	2957	4391	2346	3891	3340	1945	2389	4119	3856	3951	4558	2231	1816	0	676	625	580	519	820	836	676	935	259	2117	2794	1297	625	2447	2240	1160	1100	1975	2504	2594	2447	2436	2101	2678	2822	2320	1397	2056	957	2391	1276	2757	2872	2825	3036	2065	2311	2825	2461	3185	1713	1649
4561	7281	6538	2461	3480	3719	1612	2668	10602	2323	5569	4410	2480	2957	4923	4659	4835	8018	8575	3231	7640	3045	2757	8872	478	11680	11766	3633	8570	10961	5036	8819	2576	2750	2671	7625	4482	4298	7271	9794	9612	9656	9513	6218	7997	8093	6405	3951	3937	5010	4343	5347	6417	4825	4935	4007	6313	6640	7046	5706	4844	3777	6288	4182	11081	4779	4561	4646	5225	4145	1094	1888	3185	836	2207	2483	1411	2026	2439	2101	2391	2806	418	0	1816	1986	1969	1249	2167	2533	1578	1561	1160	1982	3741	4446	2957	2320	4101	3712	2900	2909	3663	3412	3558	3534	3631	3217	3748	4158	3528	1982	2973	2228	2332	2645	3414	2921	3549	4035	2461	3156	2029	3490	3482	1628	2167
4391	7699	6613	2414	3641	4086	1689	2921	10998	1975	5987	4646	2671	3267	4935	4256	4417	8333	8928	3581	7267	3382	3082	9040	328	12078	12150	3777	8538	11090	5242	9185	2625	2334	2480	7640	4663	4525	7281	10129	9942	9979	9833	6635	8410	8509	6823	4367	4348	5424	4733	5751	6820	5194	5292	4359	6657	7008	7432	6073	5173	3699	6165	4305	11494	4989	4762	4873	5453	4278	1183	1870	3045	778	1888	2491	1628	2207	2117	1740	2133	2439	0	418	2231	2366	2380	1661	2568	2935	1975	1969	1561	2391	4119	4825	3372	2738	4482	4067	3318	3322	4052	3748	3899	3891	4000	3583	4100	4537	3899	2334	3322	2630	2555	3045	3714	3132	3856	4373	2757	3490	2091	3840	3719	1913	2499
5362	9917	6264	2334	5834	6522	2630	4104	12716	519	8145	5453	3624	4676	4408	1996	2509	9410	10278	5184	6350	4932	4605	9108	2671	14461	14570	4205	7454	13051	7489	10635	4631	991	3714	6870	5149	5295	6506	11300	11081	11064	10906	8769	10714	10771	8975	6485	6388	7482	6542	7660	8700	6812	6809	5908	8007	8537	9108	7629	6505	2900	4722	4512	13458	5607	5347	5603	6125	4549	2547	2303	2091	2240	743	2648	3089	3281	580	706	1038	0	2439	2806	4558	4791	4524	4027	4960	5323	4052	4114	3707	4756	6547	7252	5501	4956	6907	6505	5515	5657	6465	5252	5416	5511	5689	5290	5665	6268	5616	4119	4946	4669	3692	5036	5010	4060	5173	5824	4190	5010	2718	5424	4666	3507	4153
5870	9138	5356	1297	5759	6042	1713	3121	11744	696	7346	4417	2625	3714	3511	2953	3541	8375	9258	4248	7348	3991	3668	8141	2439	13810	13989	3168	6797	13162	7373	9625	4666	1860	4060	6090	4114	4259	5723	10267	10047	10028	9870	7951	9991	10014	8165	5689	5560	6643	5632	6764	7786	5852	5829	4946	6996	7546	8141	6649	5501	2026	4203	3490	12547	4570	4311	4565	5088	3522	1774	1323	1211	1628	478	1612	2240	2320	478	844	0	1038	2133	2391	3951	4306	3800	3482	4408	4757	3322	3414	3036	4178	6033	6728	4733	4254	6380	6060	4783	5022	5917	4294	4457	4571	4762	4377	4711	5341	4698	3275	4022	3889	2718	4222	4020	3045	4184	4846	3250	4060	1724	4478	3642	2650	3269
5054	9236	6187	2002	5214	5819	2065	3573	12141	259	7472	5042	3123	4114	4348	2648	3036	8975	9781	4593	6613	4348	4020	8939	1986	13758	13864	3856	7626	12518	6860	10115	4047	1100	3285	6934	4812	4890	6567	10850	10638	10635	10479	8101	10020	10083	8304	5814	5730	6824	5926	7030	8080	6236	6253	5337	7498	7991	8532	7071	5987	2870	4989	4234	12830	5246	4989	5214	5759	4254	1903	1816	2056	1556	367	2279	2466	2738	492	0	844	706	1740	2101	3856	4086	3840	3322	4254	4618	3372	3427	3016	4052	5842	6547	4825	4265	6201	5805	4829	4956	5759	4682	4846	4921	5088	4682	5088	5665	5010	3480	4348	4000	3156	4377	4478	3583	4640	5273	3613	4432	2231	4840	4203	2881	3536
5534	9414	5810	1767	5666	6149	2065	3528	12144	259	7632	4879	3045	4104	3959	2555	3089	8834	9698	4620	6870	4367	4040	8612	2391	14016	14158	3641	7162	12999	7304	10055	4518	1392	3777	6501	4589	4722	6135	10723	10504	10490	10332	8249	10235	10278	8458	5971	5862	6953	5987	7110	8145	6242	6234	5337	7428	7960	8537	7054	5926	2461	4505	3968	12905	5042	4783	5032	5560	4000	2026	1724	1640	1774	232	2075	2547	2708	0	492	478	580	2117	2439	4119	4410	4035	3613	4548	4906	3558	3633	3236	4331	6158	6860	4997	4478	6513	6149	5026	5210	6060	4682	4846	4946	5128	4733	5096	5708	5058	3583	4385	4158	3117	4514	4432	3480	4596	5250	3624	4441	2139	4857	4086	2964	3603
6579	6949	4576	1297	5199	4524	676	836	9436	2794	5149	2461	464	1397	3121	5260	5763	6291	7046	1931	9220	1673	1353	6848	2461	11773	12064	1616	6812	12632	6570	7378	4514	3800	4676	5763	2461	2332	5424	8145	7940	7951	7799	5723	7876	7851	5944	3528	3348	4402	3324	4463	5472	3536	3528	2630	4762	5260	5829	4348	3250	2391	4890	2179	10232	2784	2555	2678	3256	2133	1050	998	2216	1526	2544	1044	625	0	2708	2738	2320	3281	2207	2026	2389	2994	1945	2216	2907	3168	1556	1713	1561	2648	4440	5067	2668	2391	4733	4618	2794	3236	4256	1975	2139	2252	2447	2075	2391	3025	2389	1166	1713	1870	418	2091	1740	935	1903	2544	935	1740	625	2158	1548	676	1050
5971	6898	5194	1548	4605	4111	580	1297	9684	2576	5105	3018	1069	1713	3692	5084	5496	6750	7425	2139	8775	1903	1578	7462	1860	11615	11846	2240	7382	12060	6015	7722	3891	3461	4075	6359	3071	2900	6015	8575	8379	8404	8256	5712	7765	7778	5925	3449	3322	4410	3461	4571	5616	3787	3830	2900	5138	5569	6079	4640	3631	2803	5344	2803	10371	3372	3151	3248	3828	2757	580	1044	2461	1038	2349	1402	0	625	2547	2466	2240	3089	1628	1411	1945	2491	1624	1673	2458	2757	1166	1297	1038	2201	4052	4711	2504	2088	4368	4182	2576	2909	3891	2252	2414	2466	2625	2216	2645	3200	2544	1038	1888	1661	928	1982	2133	1512	2285	2865	1194	1996	883	2391	2091	418	1069
6823	7964	4145	328	5908	5502	906	1661	10219	2240	6165	2806	1142	2285	2447	4530	5153	6764	7664	2865	8892	2607	2311	6732	2806	12813	13108	1578	6090	13390	7378	8045	5058	3378	4916	5153	2533	2648	4795	8657	8435	8417	8259	6725	8908	8872	6949	4561	4368	5402	4265	5407	6381	4377	4315	3482	5416	6002	6635	5128	3941	1402	3944	1975	11122	2973	2715	2957	3490	1986	1397	625	1183	1713	1982	0	1402	1044	2075	2279	1612	2648	2491	2483	3340	3891	2957	3065	3856	4145	2533	2678	2439	3598	5433	6078	3712	3414	5739	5580	3835	4254	5261	2853	3009	3168	3382	3045	3269	3946	3340	2207	2678	2909	1323	3134	2509	1486	2671	3346	1913	2650	519	3062	2052	1661	2091
5411	9200	5829	1689	5453	5917	1888	3372	11977	259	7421	4773	2900	3937	3986	2738	3225	8721	9561	4441	6921	4190	3863	8597	2167	13790	13928	3558	7263	12805	7087	9910	4317	1411	3624	6567	4512	4618	6200	10604	10388	10379	10222	8041	10014	10061	8249	5760	5657	6749	5800	6918	7958	6072	6072	5168	7285	7803	8368	6892	5779	2504	4640	3913	12716	4956	4698	4935	5472	3939	1816	1578	1689	1548	0	1982	2349	2544	232	367	478	743	1888	2207	3891	4178	3816	3382	4317	4676	3340	3412	3012	4101	5926	6628	4783	4256	6281	5917	4807	4983	5829	4512	4676	4769	4946	4548	4924	5526	4873	3382	4203	3946	2957	4306	4278	3346	4441	5088	3449	4268	1996	4682	3959	2767	3412
5149	7681	5838	1649	4315	4414	935	2311	10683	1724	5916	3986	1986	2750	4158	4203	4530	7780	8462	3156	7738	2928	2607	8302	1094	12242	12388	3036	7773	11794	5870	8755	3372	2461	3236	6864	3946	3856	6505	9611	9414	9436	9287	6547	8474	8531	6749	4259	4182	5276	4429	5511	6570	4802	4858	3925	6175	6596	7085	5664	4669	2953	5453	3549	11304	4298	4062	4202	4779	3528	478	1094	2349	0	1548	1713	1038	1526	1774	1556	1628	2240	778	836	2346	2678	2285	1856	2786	3141	1816	1874	1467	2563	4408	5105	3269	2715	4757	4432	3275	3435	4298	3283	3443	3480	3624	3208	3668	4190	3536	1969	2900	2447	1913	2832	3168	2461	3322	3899	2231	3025	1323	3412	3071	1416	2065
7056	9147	4178	928	6662	6556	1888	2825	11275	1888	7348	3692	2311	3449	2323	3685	4440	7610	8613	4035	8432	3778	3490	7022	3372	13989	14270	2380	5611	14132	8216	9029	5665	3025	5214	4879	3250	3528	4512	9513	9280	9237	9075	7906	10089	10055	8131	5742	5551	6583	5431	6571	7527	5500	5411	4618	6417	7053	7722	6210	4989	820	3121	2547	12248	3735	3480	3787	4248	2607	2240	1435	0	2349	1689	1183	2461	2216	1640	2056	1211	2091	3045	3185	4391	4879	4075	4035	4895	5210	3626	3757	3461	4643	6506	7170	4878	4537	6827	6613	4988	5367	6350	4007	4158	4331	4549	4222	4417	5105	4512	3366	3856	4060	2504	4306	3631	2594	3787	4463	3095	3816	1624	4222	3089	2786	3267
6200	7889	4769	580	5347	5121	464	1805	10425	1834	6090	3231	1323	2391	3065	4268	4802	7159	7983	2928	8401	2671	2349	7323	2189	12648	12889	2101	6685	12834	6853	8333	4457	2909	4292	5770	3051	3082	5411	9036	8823	8819	8664	6680	8782	8780	6898	4446	4292	5364	4317	5453	6468	4530	4512	3624	5708	6236	6820	5332	4203	1903	4440	2555	11229	3461	3208	3412	3968	2552	836	0	1435	1094	1578	625	1044	998	1724	1816	1323	2303	1870	1888	2957	3449	2668	2607	3461	3777	2207	2332	2026	3208	5074	5742	3528	3132	5397	5179	3613	3951	4921	2971	3134	3250	3443	3065	3388	4022	3382	2026	2706	2691	1397	2982	2708	1771	2872	3528	1931	2738	418	3156	2389	1411	1982
5574	7389	5453	1416	4518	4348	519	1834	10261	2029	5607	3511	1512	2288	3830	4537	4924	7304	8000	2718	8210	2483	2158	7858	1467	12036	12225	2594	7486	12004	6016	8301	3668	2881	3663	6531	3488	3382	6177	9140	8941	8961	8811	6225	8222	8256	6434	3946	3842	4935	4027	5128	6179	4367	4410	3480	5712	6149	6657	5220	4203	2738	5276	3123	10927	3830	3596	3728	4306	3095	0	836	2240	478	1816	1397	580	1050	2026	1903	1774	2547	1183	1094	2207	2645	2026	1801	2691	3025	1548	1640	1276	2447	4317	5000	2973	2480	4653	4391	3012	3256	4182	2832	2994	3045	3200	2789	3225	3773	3117	1578	2466	2133	1435	2491	2698	1986	2853	3443	1771	2576	935	2971	2594	984	1640
8669	7544	2483	2252	7271	6218	2594	1805	8893	4192	5842	1249	1713	2129	1512	6288	7008	5020	6090	2607	10860	2439	2349	4779	4558	12554	13026	519	4956	14623	8545	6542	6643	5347	6757	3787	656	1100	3480	6921	6685	6635	6473	6268	8612	8471	6500	4512	4222	5022	3728	4757	5530	3497	3299	2794	4000	4723	5472	4000	2757	2052	3714	116	10061	1148	906	1255	1649	0	3095	2552	2607	3528	3939	1986	2757	2133	4000	4254	3522	4549	4278	4145	4268	4932	3692	4248	4757	4932	3461	3624	3603	4512	6082	6605	4000	4040	6308	6359	4218	4828	5855	2422	2504	2757	2982	2865	2708	3382	3012	2872	2594	3461	1931	3443	1945	1397	2026	2555	2216	2391	2216	2645	1249	2706	2625
9778	6669	2645	3793	7906	6359	3872	2563	7367	5730	5149	820	2794	2458	2803	7919	8612	3372	4478	2607	12366	2594	2715	3793	5685	11672	12270	1920	5402	14968	8952	4956	7512	6860	7896	4111	998	928	3913	5273	5036	4989	4828	5433	7794	7576	5657	4203	3877	4359	3123	3889	4422	2607	2311	2303	2533	3322	4119	2786	1724	3692	4956	1724	8668	519	778	580	0	1649	4306	3968	4248	4779	5472	3490	3828	3256	5560	5759	5088	6125	5453	5225	4783	5453	4158	4956	5188	5252	4111	4256	4391	4983	6179	6562	4060	4360	6321	6542	4315	4989	5926	2349	2320	2555	2708	2832	2380	2832	2794	3490	2750	3840	2900	3641	2026	2323	1972	2052	2844	2491	3573	2483	1744	3613	3236
9200	6562	2853	3269	7373	5915	3299	1986	7640	5194	4956	259	2216	1920	2617	7432	8101	3830	4846	2139	11813	2091	2179	4331	5105	11583	12129	1416	5580	14500	8462	5290	6949	6313	7316	4311	625	348	4073	5731	5502	5472	5312	5302	7667	7482	5530	3861	3541	4145	2865	3757	4414	2461	2207	1972	2750	3490	4256	2822	1624	3297	4825	1353	8841	259	367	0	580	1255	3728	3412	3787	4202	4935	2957	3248	2678	5032	5214	4565	5603	4873	4646	4254	4928	3631	4402	4676	4762	3558	3707	3826	4463	5744	6165	3613	3861	5908	6090	3863	4530	5496	1888	1888	2139	2320	2380	1996	2544	2391	2935	2252	3324	2320	3156	1512	1744	1486	1713	2279	1996	3012	2052	1166	3036	2678
9122	6892	2607	3016	7419	6070	3141	1945	8000	4956	5261	478	2091	1996	2252	7144	7834	4131	5184	2303	11600	2216	2252	4334	5010	11914	12444	1142	5301	14620	8563	5638	6934	6090	7226	4047	259	418	3793	6033	5800	5759	5598	5627	7991	7814	5857	4101	3787	4446	3156	4086	4769	2794	2552	2240	3113	3856	4623	3185	1975	2957	4463	998	9208	259	0	367	778	906	3596	3208	3480	4062	4698	2715	3151	2555	4783	4989	4311	5347	4762	4561	4317	4993	3701	4417	4762	4873	3581	3735	3816	4537	5908	6359	3777	3968	6090	6236	4020	4676	5665	2065	2091	2349	2547	2555	2231	2825	2607	2957	2380	3412	2231	3285	1640	1640	1649	1982	2285	2133	2822	2252	1142	2982	2698
9339	6809	2594	3275	7576	6157	3382	2139	7786	5214	5211	492	2320	2129	2422	7402	8093	3877	4946	2380	11855	2320	2389	4145	5232	11828	12381	1402	5322	14732	8687	5407	7122	6346	7447	4052	492	519	3816	5779	5545	5502	5341	5551	7917	7727	5779	4119	3800	4402	3123	4005	4641	2708	2447	2231	2909	3668	4446	3036	1860	3200	4618	1233	9024	0	259	259	519	1148	3830	3461	3735	4298	4956	2973	3372	2784	5042	5246	4570	5607	4989	4779	4463	5138	3842	4589	4894	4989	3748	3899	4000	4676	5988	6417	3856	4086	6157	6329	4104	4769	5742	2133	2139	2391	2576	2625	2252	2803	2645	3123	2483	3541	2447	3388	1740	1860	1724	1972	2458	2228	3071	2303	1323	3185	2865
14226	4254	11024	11439	11008	8534	10843	9469	1972	12946	5599	8811	9987	8853	11446	15454	15834	6152	4769	8301	18521	8559	8880	9928	11485	5407	6566	10023	13604	14504	10644	4190	11680	13753	12972	12351	9465	8961	12273	5283	5467	5723	5800	4946	4368	3939	4802	7137	7148	6072	6918	5800	4762	6749	6848	7640	6135	5356	4589	6078	7326	11991	13623	10169	0	9024	9208	8841	8668	10061	10927	11229	12248	11304	12716	11122	10371	10232	12905	12830	12547	13458	11494	11081	9352	9550	9114	9925	9210	8897	9537	9528	9942	9278	8337	7888	8124	8777	8058	8734	8202	8392	8204	8276	8117	7980	7786	8173	7858	7207	7850	9350	8526	8883	9849	8481	8619	9656	8462	7786	9298	8497	10845	8078	9182	9953	9305
8695	7660	2414	2231	7336	6311	2617	1888	8993	4165	5957	1358	1771	2231	1397	6231	6961	5096	6179	2715	10833	2544	2447	4769	4589	12670	13141	580	4858	14701	8622	6635	6693	5323	6782	3699	743	1211	3388	6996	6758	6705	6542	6384	8728	8587	6616	4623	4334	5137	3844	4873	5645	3613	3414	2909	4101	4829	5580	4111	2870	1969	3598	0	10169	1233	998	1353	1724	116	3123	2555	2547	3549	3913	1975	2803	2179	3968	4234	3490	4512	4305	4182	4348	5010	3777	4315	4840	5020	3536	3699	3668	4593	6177	6705	4101	4131	6406	6450	4317	4923	5952	2533	2617	2870	3095	2973	2822	3497	3123	2953	2698	3551	1996	3541	2056	1476	2139	2671	2303	2499	2231	2757	1358	2767	2708
10038	11253	3036	3861	9767	9414	4835	5121	12278	4762	9530	4906	4733	5645	2216	5367	6316	8000	9287	6201	10504	5988	5801	5855	6493	16255	16692	3959	2822	17247	11293	9811	8786	5706	8261	2678	4216	4779	2391	9781	9523	9399	9237	9977	12310	12181	10209	8105	7842	8712	7428	8471	9223	7207	6995	6497	7489	8272	9060	7647	6431	2547	0	3598	13623	4618	4463	4825	4956	3714	5276	4440	3121	5453	4640	3944	5344	4890	4505	4989	4203	4722	6165	6288	7267	7834	6829	7008	7786	8058	6443	6596	6381	7527	9328	9942	7428	7265	9613	9505	7600	8108	9138	6060	6165	6406	6637	6447	6389	7080	6649	6016	6122	6713	4989	6837	5587	4732	5695	6264	5515	5971	4463	6291	4884	5560	5834
7835	9122	3364	1323	7248	6898	2288	2786	10908	2708	7341	3250	2323	3382	1508	4373	5179	7062	8141	3971	9223	3728	3482	6236	4027	14048	14396	1972	4858	14734	8752	8587	6321	3844	5971	4073	2708	3089	3707	8959	8719	8660	8497	7858	10116	10043	8088	5800	5573	6547	5323	6443	7336	5283	5149	4446	6016	6705	7419	5915	4669	0	2547	1969	11991	3200	2957	3297	3692	2052	2738	1903	820	2953	2504	1402	2803	2391	2461	2870	2026	2900	3699	3777	4739	5292	4334	4463	5256	5540	3925	4073	3840	4997	6823	7457	5022	4783	7122	6979	5168	5627	6644	3891	4027	4234	4463	4190	4278	4983	4446	3549	3835	4254	2563	4432	3461	2461	3602	4256	3134	3741	1920	4119	2825	3045	3396
9200	4960	4367	4268	6870	4981	3925	2414	6288	6033	3427	1526	2881	1920	4216	8452	9004	3185	3800	1640	12404	1801	2091	5128	5322	9975	10551	2698	7122	13588	7692	4131	6729	7046	7419	5834	2216	1661	5627	4956	4769	4812	4670	3714	6078	5874	3939	2645	2320	2648	1476	2167	2794	883	591	935	1512	2065	2750	1249	0	4669	6431	2870	7326	1860	1975	1624	1724	2757	4203	4203	4989	4669	5779	3941	3631	3250	5926	5987	5501	6505	5173	4844	3835	4446	3248	4182	4119	4080	3396	3497	3777	3971	4777	5058	2789	3281	4858	5188	3045	3707	4518	1435	1297	1392	1411	1740	1160	1255	1526	2870	1888	2900	2832	2563	1512	2461	1353	820	2439	1689	3787	1397	1903	3275	2678
9828	3964	5397	5453	7196	5008	5010	3528	5096	7140	2708	2757	4027	2957	5437	9600	10105	2730	2900	2509	13341	2738	3062	5599	6174	8921	9575	3946	8145	13436	7765	3113	7267	8098	8145	6848	3435	2900	6677	4216	4075	4178	4060	2806	5105	4844	3009	2594	2332	2091	1512	1397	1640	883	820	1740	883	935	1512	0	1249	5915	7647	4111	6078	3036	3185	2822	2786	4000	5220	5332	6210	5664	6892	5128	4640	4348	7054	7071	6649	7629	6073	5706	4391	4906	3889	4844	4548	4410	4158	4222	4570	4463	4783	4890	3151	3777	4769	5234	3372	3946	4530	2391	2228	2189	2075	2491	1996	1578	2179	3741	2767	3558	3937	3156	2630	3642	2466	1805	3461	2645	4924	2252	3123	4248	3603
10934	3285	6612	6960	8072	5685	6480	5020	3609	8613	2757	4222	5526	4432	6868	11088	11568	2625	2026	3941	14682	4184	4512	6225	7501	7929	8715	5447	9306	13687	8372	1975	8333	9537	9352	8017	4879	4373	7889	3435	3378	3558	3490	2491	4385	4022	2607	3461	3301	2555	2706	1888	1100	2297	2320	3200	1624	812	0	1512	2750	7419	9060	5580	4589	4446	4623	4256	4119	5472	6657	6820	7722	7085	8368	6635	6079	5829	8537	8532	8141	9108	7432	7046	5560	5979	5138	6070	5613	5402	5472	5511	5890	5580	5453	5367	4265	4935	5341	5917	4440	4895	5225	3856	3692	3613	3461	3877	3445	2900	3551	5128	4190	4835	5424	4417	4131	5151	3968	3297	4921	4101	6417	3692	4636	5675	5020
10720	3925	5800	6329	8007	5726	5926	4432	4222	8053	3065	3476	4921	3877	6090	10499	11022	2129	2002	3443	14276	3668	3991	5511	7107	8694	9447	4735	8497	13983	8467	2179	8145	9025	9061	7207	4114	3631	7077	3366	3250	3382	3281	2957	5054	4722	3117	3364	3141	2645	2391	1913	1561	1816	1740	2671	812	0	812	935	2065	6705	8272	4829	5356	3668	3856	3490	3322	4723	6149	6236	7053	6596	7803	6002	5569	5260	7960	7991	7546	8537	7008	6640	5290	5779	4807	5759	5416	5252	5088	5149	5501	5347	5496	5515	4027	4670	5437	5957	4234	4769	5252	3318	3156	3123	3009	3425	2928	2499	3113	4676	3701	4481	4846	4073	3528	4518	3364	2718	4385	3573	5824	3185	3968	5180	4537
10566	4620	4988	5744	8025	5881	5437	3925	4894	7540	3536	2767	4385	3425	5322	9942	10510	1870	2288	3082	13905	3275	3581	4828	6789	9467	10190	4060	7688	14319	8638	2630	8034	8559	8834	6397	3372	2928	6265	3490	3322	3396	3267	3551	5759	5453	3735	3461	3185	2964	2332	2252	2231	1624	1411	2311	0	812	1624	883	1512	6016	7489	4101	6135	2909	3113	2750	2533	4000	5712	5708	6417	6175	7285	5416	5138	4762	7428	7498	6996	8007	6657	6313	5137	5689	4596	5551	5337	5225	4812	4895	5211	5232	5657	5773	3944	4537	5650	6105	4178	4779	5402	2909	2757	2789	2730	3123	2568	2323	2844	4331	3340	4254	4343	3872	3025	3951	2865	2285	3944	3168	5290	2825	3364	4773	4158
8288	4756	4825	3800	5939	4119	3281	1834	6809	5414	3051	1767	2349	1233	4306	7890	8373	4086	4570	778	11621	998	1323	5952	4481	9761	10241	2563	7540	12741	6798	4835	5800	6359	6530	6279	2422	1834	6032	5800	5627	5688	5551	3480	5819	5684	3712	1903	1578	2231	935	2002	2909	906	935	0	2311	2671	3200	1740	935	4446	6497	2909	7640	2231	2240	1972	2303	2794	3480	3624	4618	3925	5168	3482	2900	2630	5337	5337	4946	5908	4359	4007	2902	3511	2323	3267	3185	3156	2504	2594	2900	3036	3925	4268	1874	2346	4040	4317	2133	2803	3668	656	492	478	478	820	259	591	591	2026	1038	1975	2228	1628	991	2026	844	259	1724	906	3225	519	1640	2509	1870
9154	4368	4956	4640	6662	4631	4190	2708	5915	6321	2853	2091	3208	2139	4779	8780	9287	3248	3641	1713	12556	1931	2252	5587	5407	9384	9960	3192	7712	13194	7374	3899	6628	7285	7428	6422	2786	2216	6218	4895	4732	4807	4676	3123	5486	5283	3348	2231	1920	2091	1038	1578	2231	328	0	935	1411	1740	2320	820	591	5149	6995	3414	6848	2447	2552	2207	2311	3299	4410	4512	5411	4858	6072	4315	3830	3528	6234	6253	5829	6809	5292	4935	3728	4292	3185	4140	3946	3856	3412	3490	3816	3830	4417	4636	2563	3134	4463	4847	2806	3435	4158	1578	1416	1402	1323	1724	1194	935	1435	2957	1972	2844	3117	2461	1812	2832	1649	984	2645	1834	4104	1453	2334	3443	2806
8964	4101	5246	4698	6406	4331	4184	2738	5906	6316	2544	2323	3250	2139	4993	8795	9272	3488	3778	1649	12461	1888	2216	5915	5292	9122	9678	3348	8000	12878	7080	3995	6418	7248	7266	6713	3018	2436	6501	5074	4921	5010	4884	2844	5210	5022	3071	1920	1616	1771	734	1297	2056	0	328	906	1624	1816	2297	883	883	5283	7207	3613	6749	2708	2794	2461	2607	3497	4367	4530	5500	4802	6072	4377	3787	3536	6242	6236	5852	6812	5194	4825	3528	4067	3012	3968	3714	3603	3275	3340	3687	3613	4114	4317	2320	2921	4150	4549	2555	3166	3856	1561	1397	1323	1194	1612	1148	706	1297	2865	1903	2678	3134	2279	1870	2907	1713	1038	2625	1805	4131	1397	2458	3388	2738
10061	2389	7038	6694	7098	4663	6082	4722	4218	8190	1661	4317	5241	4101	7007	10695	11098	3642	3123	3541	13998	3800	4119	7046	6848	7287	7970	5402	9784	12586	7312	3025	7454	9029	8564	8487	5010	4446	8317	4530	4478	4659	4589	1416	3528	3231	1561	2594	2509	1578	2158	1069	0	2056	2231	2909	2231	1561	1100	1640	2794	7336	9223	5645	4762	4641	4769	4414	4422	5530	6179	6468	7527	6570	7958	6381	5616	5472	8145	8080	7786	8700	6820	6417	4795	5137	4457	5341	4773	4524	4846	4857	5260	4777	4432	4298	3507	4182	4294	4894	3641	4007	4216	3528	3372	3223	3025	3412	3113	2447	3089	4605	3764	4190	5093	3777	3899	4935	3748	3082	4537	3741	6088	3324	4512	5199	4548
9061	2806	6533	5712	6187	3835	5054	3748	5276	7147	1323	3613	4265	3123	6264	9655	10041	4007	3830	2544	12934	2803	3113	6984	5779	7827	8384	4561	9289	12096	6562	3856	6457	7967	7522	8000	4306	3719	7794	5232	5137	5283	5188	1548	3913	3728	1774	1578	1453	734	1142	0	1069	1297	1578	2002	2252	1913	1888	1397	2167	6443	8471	4873	5800	4005	4086	3757	3889	4757	5128	5453	6571	5511	6918	5407	4571	4463	7110	7030	6764	7660	5751	5347	3741	4114	3388	4279	3748	3522	3777	3787	4190	3735	3603	3602	2447	3123	3528	4067	2594	3012	3366	2568	2422	2240	2026	2389	2167	1467	2075	3551	2750	3121	4100	2708	2982	4000	2844	2216	3528	2757	5084	2349	3642	4153	3507
8329	3830	5712	4570	5695	3598	3925	2607	6268	6033	2117	2678	3123	1982	5241	8538	8950	4202	4391	1402	11977	1661	1972	6595	4795	8828	9307	3482	8445	12158	6346	4549	5759	6890	6680	7174	3348	2757	6938	5726	5587	5689	5569	2555	4884	4757	2786	1194	883	1297	0	1142	2158	734	1038	935	2332	2391	2706	1512	1476	5323	7428	3844	6918	3123	3156	2865	3123	3728	4027	4317	5431	4429	5800	4265	3461	3324	5987	5926	5632	6542	4733	4343	2900	3396	2439	3382	3036	2900	2767	2806	3185	2957	3382	3603	1640	2279	3425	3816	1860	2447	3123	1435	1297	1100	883	1255	1050	348	935	2461	1612	2129	2957	1713	1870	2870	1744	1183	2389	1616	3944	1211	2555	3045	2391
8487	2576	6979	5689	5530	3132	4935	3777	5759	6964	820	3968	4278	3166	6533	9469	9791	4739	4537	2576	12505	2822	3095	7629	5414	7544	8010	4757	9723	11367	5842	4530	5881	7702	7023	8445	4643	4052	8217	5944	5857	6007	5915	1323	3598	3497	1548	1069	1094	0	1297	734	1578	1771	2091	2231	2964	2645	2555	2091	2648	6547	8712	5137	6072	4402	4446	4145	4359	5022	4935	5364	6583	5276	6749	5402	4410	4402	6953	6824	6643	7482	5424	5010	3297	3583	3045	3863	3223	2957	3480	3461	3877	3250	2900	2870	2052	2708	2806	3364	2139	2439	2671	2671	2552	2323	2091	2366	2323	1640	2101	3372	2730	2832	4080	2447	3132	4086	3018	2480	3490	2806	5026	2439	3830	3995	3382
7633	3602	6388	4643	4872	2715	3856	2786	6726	5870	1801	3324	3267	2207	5712	8375	8700	5054	5137	1640	11489	1860	2091	7448	4354	8475	8853	3891	9082	11281	5467	5234	5036	6613	6070	7834	3946	3372	7576	6505	6381	6497	6384	2391	4548	4505	2607	328	0	1094	883	1453	2509	1616	1920	1578	3185	3141	3301	2332	2320	5573	7842	4334	7148	3800	3787	3541	3877	4222	3842	4292	5551	4182	5657	4368	3322	3348	5862	5730	5560	6388	4348	3937	2288	2678	1969	2832	2311	2117	2391	2380	2794	2285	2499	2738	998	1673	2547	2935	1142	1628	2240	1801	1724	1467	1249	1397	1556	1069	1211	2285	1740	1740	3051	1353	2279	3134	2201	1834	2461	1870	3968	1578	2982	2909	2311
7484	3449	6705	4825	4646	2422	4000	3018	6806	5966	1661	3641	3482	2461	5993	8462	8752	5323	5347	1913	11438	2117	2323	7773	4348	8256	8604	4165	9391	10964	5179	5416	4879	6662	5971	8147	4254	3685	7885	6729	6613	6737	6628	2288	4348	4334	2491	0	328	1069	1194	1578	2594	1920	2231	1903	3461	3364	3461	2594	2645	5800	8105	4623	7137	4119	4101	3861	4203	4512	3946	4446	5742	4259	5760	4561	3449	3528	5971	5814	5689	6485	4367	3951	2228	2544	1996	2794	2179	1945	2447	2414	2832	2189	2201	2414	998	1640	2231	2645	1069	1435	1945	2091	2026	1767	1556	1661	1870	1397	1508	2422	1986	1816	3256	1467	2568	3382	2499	2158	2671	2139	4140	1874	3267	3045	2480
9453	1044	8302	7234	6291	3793	6463	5323	4895	8456	836	5381	5825	4711	8012	10952	11229	5199	4570	4119	13728	4368	4643	8563	6776	6060	6613	6268	11059	11155	6201	4367	6886	9138	8170	9767	6072	5483	9566	5947	5925	6125	6070	232	2139	1972	0	2491	2607	1548	2786	1774	1561	3071	3348	3712	3735	3117	2607	3009	3939	8088	10209	6616	4802	5779	5857	5530	5657	6500	6434	6898	8131	6749	8249	6949	5925	5944	8458	8304	8165	8975	6823	6405	4620	4760	4476	5199	4429	4104	4935	4894	5312	4518	3581	3236	3482	4086	3340	4007	3507	3609	3425	4202	4075	3856	3626	3913	3835	3134	3642	4890	4278	4306	5627	3946	4653	5627	4530	3946	5036	4348	6567	3971	5341	5515	4916
10562	928	10217	9147	7285	4921	8333	7267	4825	10253	2708	7341	7762	6662	9982	12720	12924	6613	5665	6072	15101	6316	6579	10230	8417	4101	4739	8239	12972	10748	6749	5290	8121	10843	9528	11677	8034	7447	11489	6891	6939	7174	7159	2204	478	0	1972	4334	4505	3497	4757	3728	3231	5022	5283	5684	5453	4722	4022	4844	5874	10043	12181	8587	3939	7727	7814	7482	7576	8471	8256	8780	10055	8531	10061	8872	7778	7851	10278	10083	10014	10771	8509	8093	6278	6274	6247	6851	5988	5632	6721	6657	7067	6129	4760	4190	5283	5819	4429	5088	5256	5194	4693	6165	6042	5819	5587	5857	5805	5105	5598	6756	6218	6126	7553	5800	6621	7584	6500	5917	6962	6303	8469	5934	7312	7378	6809
10280	1142	10439	9173	6996	4693	8329	7331	5302	10199	2784	7514	7814	6737	10125	12645	12814	6996	6090	6152	14874	6389	6637	10564	8300	3946	4478	8355	13196	10274	6381	5731	7881	10743	9313	11903	8202	7612	11704	7336	7378	7610	7591	2366	0	478	2139	4348	4548	3598	4884	3913	3528	5210	5486	5819	5759	5054	4385	5105	6078	10116	12310	8728	4368	7917	7991	7667	7794	8612	8222	8782	10089	8474	10014	8908	7765	7876	10235	10020	9991	10714	8410	7997	6184	6129	6200	6749	5862	5500	6678	6603	7007	6020	4548	3941	5261	5759	4203	4846	5211	5088	4505	6264	6149	5916	5684	5926	5921	5232	5685	6757	6281	6105	7597	5801	6729	7664	6616	6060	7007	6384	8487	6032	7428	7373	6827
9341	1276	8078	7011	6205	3707	6247	5096	4956	8250	656	5151	5599	4482	7780	10749	11035	5058	4481	3891	13576	4140	4417	8375	6595	6291	6837	6036	10835	11225	6175	4305	6764	8944	8028	9544	5842	5252	9341	5869	5838	6032	5971	0	2366	2204	232	2288	2391	1323	2555	1548	1416	2844	3123	3480	3551	2957	2491	2806	3714	7858	9977	6384	4946	5551	5627	5302	5433	6268	6225	6680	7906	6547	8041	6725	5712	5723	8249	8101	7951	8769	6635	6218	4441	4605	4279	5020	4268	3951	4735	4698	5116	4348	3490	3185	3283	3898	3267	3925	3318	3449	3322	3971	3844	3626	3396	3687	3603	2902	3414	4676	4052	4101	5402	3735	4422	5397	4298	3714	4812	4119	6346	3741	5109	5301	4698
13829	6596	6247	8575	11254	9007	8469	6979	3891	10481	6236	5453	7373	6567	7384	12741	13410	1508	1512	6304	17017	6471	6756	4317	9991	10587	11558	6726	8401	17175	11748	1888	11300	11570	12080	7281	5825	5611	7316	591	348	164	0	5971	7591	7159	6070	6628	6384	5915	5569	5188	4589	4884	4676	5551	3267	3281	3490	4060	4670	8497	9237	6542	5800	5341	5598	5312	4828	6473	8811	8664	9075	9287	10222	8259	8256	7799	10332	10479	9870	10906	9833	9513	8403	8951	7858	8811	8597	8469	8053	8145	8443	8497	8777	8782	7200	7803	8715	9237	7428	8005	8532	6105	5965	6029	5988	6371	5801	5587	6103	7540	6556	7514	7389	7137	6126	6903	5979	5486	7080	6359	8249	6052	6279	7924	7346
13961	6628	6406	8734	11369	9108	8622	7130	3800	10638	6311	5611	7527	6713	7548	12902	13569	1661	1556	6443	17168	6613	6900	4446	10134	10559	11541	6886	8547	17245	11845	1888	11427	11725	12218	7433	5987	5770	7471	464	259	0	164	6032	7610	7174	6125	6737	6497	6007	5689	5283	4659	5010	4807	5688	3396	3382	3558	4178	4812	8660	9399	6705	5723	5502	5759	5472	4989	6635	8961	8819	9237	9436	10379	8417	8404	7951	10490	10635	10028	11064	9979	9656	8532	9075	7991	8944	8719	8587	8191	8281	8582	8622	8878	8872	7323	7930	8811	9339	7548	8120	8634	6247	6105	6165	6122	6506	5939	5714	6236	7681	6696	7647	7540	7267	6274	7057	6126	5627	7227	6501	8404	6191	6434	8070	7489
13883	6406	6547	8755	11253	8969	8613	7114	3549	10647	6135	5632	7522	6680	7639	12934	13588	1673	1358	6389	17151	6567	6860	4663	10089	10302	11288	6918	8733	17058	11698	1649	11338	11725	12155	7604	6033	5792	7632	259	0	259	348	5838	7378	6939	5925	6613	6381	5857	5587	5137	4478	4921	4732	5627	3322	3250	3378	4075	4769	8719	9523	6758	5467	5545	5800	5502	5036	6685	8941	8823	9280	9414	10388	8435	8379	7940	10504	10638	10047	11081	9942	9612	8449	8980	7917	8872	8622	8481	8131	8216	8526	8532	8738	8715	7226	7842	8662	9200	7447	8007	8497	6200	6055	6105	6052	6443	5881	5627	6165	7633	6644	7576	7527	7190	6247	7056	6096	5578	7196	6457	8407	6135	6435	8038	7447
14038	6388	6806	8977	11373	9067	8819	7316	3348	10863	6191	5855	7731	6871	7890	13162	13808	1903	1411	6567	17349	6750	7046	4906	10271	10185	11185	7147	8989	17094	11785	1612	11483	11934	12323	7862	6268	6016	7891	0	259	464	591	5869	7336	6891	5947	6729	6505	5944	5726	5232	4530	5074	4895	5800	3490	3366	3435	4216	4956	8959	9781	6996	5283	5779	6033	5731	5273	6921	9140	9036	9513	9611	10604	8657	8575	8145	10723	10850	10267	11300	10129	9794	8601	9122	8078	9034	8762	8612	8302	8384	8700	8678	8835	8793	7367	7991	8749	9298	7584	8133	8597	6383	6236	6278	6218	6613	6055	5779	6330	7813	6823	7738	7730	7348	6443	7267	6291	5759	7389	6640	8619	6311	6648	8229	7631
11531	10581	1281	4879	10620	9698	5664	5273	10720	6389	9024	4265	5086	5598	2349	7548	8469	6278	7652	6029	12646	5890	5825	3536	7600	15584	16178	3951	1508	18048	11976	8216	9846	7486	9650	367	3631	4205	0	7891	7632	7471	7316	9341	11704	11489	9566	7885	7576	8217	6938	7794	8317	6501	6218	6032	6265	7077	7889	6677	5627	3707	2391	3388	12273	3816	3793	4073	3913	3480	6177	5411	4512	6505	6200	4795	6015	5424	6135	6567	5723	6506	7281	7271	7717	8368	7159	7632	8217	8407	6892	7056	6976	7967	9561	10071	7465	7519	9781	9838	7689	8307	9332	5814	5862	6122	6329	6288	6020	6613	6381	6329	6050	6939	5332	6918	5352	4857	5397	5773	5689	5829	5246	6019	4698	6072	6090
8853	6522	3025	2964	7057	5660	2957	1640	7820	4878	4869	164	1870	1612	2563	7147	7799	4119	5086	1888	11482	1812	1870	4659	4757	11542	12057	1148	5712	14223	8173	5511	6613	5988	6969	4463	591	0	4205	6016	5792	5770	5611	5252	7612	7447	5483	3685	3372	4052	2757	3719	4446	2436	2216	1834	2928	3631	4373	2900	1661	3089	4779	1211	8961	519	418	348	928	1100	3382	3082	3528	3856	4618	2648	2900	2332	4722	4890	4259	5295	4525	4298	3944	4620	3324	4073	4377	4478	3231	3382	3490	4158	5496	5942	3364	3573	5675	5829	3609	4268	5252	1649	1673	1931	2129	2139	1816	2422	2189	2607	1975	3025	1972	2881	1233	1397	1233	1578	1945	1724	2678	1834	820	2691	2349
9040	7110	2483	2825	7425	6157	3016	1920	8259	4769	5461	696	2002	2052	2002	6923	7626	4367	5436	2414	11425	2303	2303	4391	4921	12131	12649	957	5137	14675	8607	5893	6898	5911	7137	3899	0	591	3631	6268	6033	5987	5825	5842	8202	8034	6072	4254	3946	4643	3348	4306	5010	3018	2786	2422	3372	4114	4879	3435	2216	2708	4216	743	9465	492	259	625	998	656	3488	3051	3250	3946	4512	2533	3071	2461	4589	4812	4114	5149	4663	4482	4343	5019	3735	4410	4802	4932	3583	3741	3793	4571	6002	6473	3877	4027	6196	6316	4114	4760	5763	2189	2231	2491	2698	2671	2391	3012	2750	2964	2466	3461	2167	3364	1740	1578	1771	2167	2288	2228	2678	2389	1160	2935	2706
11896	10776	1467	5241	10961	10001	6016	5587	10761	6756	9247	4514	5416	5893	2706	7891	8816	6304	7689	6308	12997	6177	6125	3364	7958	15766	16380	4268	1297	18380	12305	8259	10199	7851	10014	0	3899	4463	367	7862	7604	7433	7281	9544	11903	11677	9767	8147	7834	8445	7174	8000	8487	6713	6422	6279	6397	7207	8017	6848	5834	4073	2678	3699	12351	4052	4047	4311	4111	3787	6531	5770	4879	6864	6567	5153	6359	5763	6501	6934	6090	6870	7640	7625	8040	8695	7475	7967	8537	8719	7218	7382	7312	8288	9860	10360	7755	7827	10073	10145	7983	8607	9629	6088	6129	6388	6592	6566	6278	6855	6648	6649	6339	7248	5660	7215	5632	5173	5670	6020	6002	6113	5598	6288	4989	6406	6406
1913	8860	9061	4783	2730	4620	4165	5337	12777	3528	7378	7080	5137	5587	7326	4670	4298	10604	11044	5779	5578	5627	5367	11519	2216	12556	12386	6256	10822	9390	4298	11229	1508	2907	0	10014	7137	6969	9650	12323	12155	12218	12080	8028	9313	9528	8170	5971	6070	7023	6680	7522	8564	7266	7428	6530	8834	9061	9352	8145	7419	5971	8261	6782	12972	7447	7226	7316	7896	6757	3663	4292	5214	3236	3624	4916	4075	4676	3777	3285	4060	3714	2480	2671	3793	3443	4256	3301	3800	4086	4027	3939	3642	3787	4769	5382	5088	4417	5109	4478	4928	4601	4840	5988	6122	6052	6105	5712	6279	6567	5993	4561	5530	4589	5000	4989	6050	5587	6175	6599	5109	5742	4558	6029	6152	4292	4779
4432	10028	7200	3095	5283	6330	3123	4636	13140	1166	8301	6139	4203	5151	5347	1986	2091	10065	10845	5599	5515	5362	5036	10000	2458	14380	14407	4956	8445	12297	6942	11166	4027	0	2907	7851	5911	5988	7486	11934	11725	11725	11570	8944	10743	10843	9138	6662	6613	7702	6890	7967	9029	7248	7285	6359	8559	9025	9537	8098	7046	3844	5706	5323	13753	6346	6090	6313	6860	5347	2881	2909	3025	2461	1411	3378	3461	3800	1392	1100	1860	991	2334	2750	4565	4659	4666	3995	4890	5256	4222	4248	3830	4723	6389	7091	5664	5054	6756	6279	5632	5656	6346	5708	5870	5926	6079	5665	6105	6649	5993	4429	5347	4873	4218	5273	5534	4669	5695	6311	4640	5453	3322	5852	5292	3863	4518
2607	7501	9082	5020	1276	3200	4182	4989	11626	4306	6129	6696	4935	5074	7498	5944	5695	9871	10147	5116	6996	5022	4825	11266	2297	11054	10878	6125	11141	8496	2921	10269	0	4027	1508	10199	6898	6613	9846	11483	11338	11427	11300	6764	7881	8121	6886	4879	5036	5881	5759	6457	7454	6418	6628	5800	8034	8145	8333	7267	6729	6321	8786	6693	11680	7122	6934	6949	7512	6643	3668	4457	5665	3372	4317	5058	3891	4514	4518	4047	4666	4631	2625	2576	2902	2366	3482	2576	2730	2935	3414	3281	3123	2806	3372	3941	4119	3497	3692	3036	3913	3449	3480	5356	5463	5337	5337	4989	5569	5714	5221	4027	4894	3830	4739	4178	5530	5322	5627	5921	4670	5137	4601	5341	5800	3964	4278
12860	4777	7011	8373	10043	7660	8051	6542	2504	10164	4676	5347	7011	6016	7741	12571	13135	1975	580	5611	16452	5829	6148	5742	9287	8719	9675	6657	9482	15522	10334	0	10269	11166	11229	8259	5893	5511	8216	1612	1649	1888	1888	4305	5731	5290	4367	5416	5234	4530	4549	3856	3025	3995	3899	4835	2630	2179	1975	3113	4131	8587	9811	6635	4190	5407	5638	5290	4956	6542	8301	8333	9029	8755	9910	8045	7722	7378	10055	10115	9625	10635	9185	8819	7447	7906	6979	7929	7540	7348	7267	7326	7681	7489	7428	7323	6167	6823	7309	7891	6359	6848	7200	5472	5312	5295	5188	5603	5093	4676	5292	6851	5870	6657	6960	6247	5638	6580	5475	4858	6531	5730	7917	5352	5993	7341	6705
4360	6422	11022	7432	1661	2757	6473	6744	11081	7117	5685	8204	6890	6567	9691	8865	8584	10495	10377	6346	9234	6371	6311	12720	4935	8823	8435	8045	13382	6079	0	10334	2921	6942	4298	12305	8607	8173	11976	11785	11698	11845	11748	6175	6381	6749	6201	5179	5467	5842	6346	6562	7312	7080	7374	6798	8638	8467	8372	7765	7692	8752	11293	8622	10644	8687	8563	8462	8952	8545	6016	6853	8216	5870	7087	7378	6015	6570	7304	6860	7373	7489	5242	5036	4278	3613	4873	4354	3805	3701	5088	4924	5010	4040	2982	3016	4928	4601	3036	2533	4669	3995	3236	6605	6648	6435	6329	6129	6640	6463	6225	5675	6210	5151	6644	5312	6949	7148	6984	7003	6342	6468	6868	6490	7448	5908	5926
8256	10897	17100	13412	7486	8622	12485	12822	15569	12776	10943	14245	12964	12627	15750	13983	13429	16101	15701	12366	12301	12413	12373	18693	10765	10469	9465	14123	19441	0	6079	15522	8496	12297	9390	18380	14675	14223	18048	17094	17058	17245	17175	11225	10274	10748	11155	10964	11281	11367	12158	12096	12586	12878	13194	12741	14319	13983	13687	13436	13588	14734	17247	14701	14504	14732	14620	14500	14968	14623	12004	12834	14132	11794	12805	13390	12060	12632	12999	12518	13162	13051	11090	10961	10356	9691	10946	10417	9877	9747	11166	11002	11074	10116	8817	8564	10910	10652	8734	8430	10653	9979	9075	12622	12649	12421	12290	12136	12612	12334	12194	11753	12250	11214	12720	11345	12993	13227	13015	12966	12419	12505	12891	12487	13516	11977	12004
12665	12070	2757	6125	11980	11166	6984	6729	11977	7421	10528	5773	6505	7083	3692	8187	9138	7514	8908	7527	13323	7381	7304	4259	8862	17063	17672	5407	0	19441	13382	9482	11141	8445	10822	1297	5137	5712	1508	8989	8733	8547	8401	10835	13196	12972	11059	9391	9082	9723	8445	9289	9784	8000	7712	7540	7688	8497	9306	8145	7122	4858	2822	4858	13604	5322	5301	5580	5402	4956	7486	6685	5611	7773	7263	6090	7382	6812	7162	7626	6797	7454	8538	8570	9149	9789	8607	9029	9656	9860	8317	8481	8373	9402	11035	11559	8952	8981	11263	11300	9173	9781	10810	7315	7367	7626	7835	7786	7527	8121	7885	7773	7540	8401	6758	8399	6851	6311	6900	7281	7147	7324	6570	7522	6187	7475	7540
8167	7312	2994	1874	6757	5759	2101	1323	8944	3816	5573	1312	1194	1724	1834	6016	6694	5246	6234	2252	10469	2056	1920	5266	4052	12301	12734	0	5407	14123	8045	6657	6125	4956	6256	4268	957	1148	3951	7147	6918	6886	6726	6036	8355	8239	6268	4165	3891	4757	3482	4561	5402	3348	3192	2563	4060	4735	5447	3946	2698	1972	3959	580	10023	1402	1142	1416	1920	519	2594	2101	2380	3036	3558	1578	2240	1616	3641	3856	3168	4205	3777	3633	3773	4432	3208	3735	4268	4457	2957	3121	3089	4020	5632	6175	3581	3573	5870	5893	3787	4377	5411	2101	2207	2447	2678	2504	2436	3134	2691	2380	2201	2994	1416	3009	1628	906	1740	2346	1740	2026	1740	2332	928	2189	2139
12792	5613	14915	13342	9706	8078	12426	11621	8333	14076	7190	11967	12073	11059	14535	16382	16380	11240	10141	10492	17655	10712	10926	14941	11967	1211	0	12734	17672	9465	8435	9675	10878	14407	12386	16380	12649	12057	16178	11185	11288	11541	11558	6837	4478	4739	6613	8604	8853	8010	9307	8384	7970	9678	9960	10241	10190	9447	8715	9575	10551	14396	16692	13141	6566	12381	12444	12129	12270	13026	12225	12889	14270	12388	13928	13108	11846	12064	14158	13864	13989	14570	12150	11766	10043	9784	10224	10548	9613	9252	10695	10587	10954	9827	8031	7325	9396	9761	7667	8131	9283	8969	8105	10633	10532	10287	10057	10250	10319	9650	10043	10905	10587	10211	11837	9977	11108	11984	11008	10490	11262	10723	12646	10403	11813	11489	11021
13134	5022	14309	13066	9948	8078	12189	11262	7226	13955	6729	11439	11737	10675	14067	16333	16402	10375	9211	10093	17954	10327	10566	14135	11923	0	1211	12301	17063	10469	8823	8719	11054	14380	12556	15766	12131	11542	15584	10185	10302	10559	10587	6291	3946	4101	6060	8256	8475	7544	8828	7827	7287	9122	9384	9761	9467	8694	7929	8921	9975	14048	16255	12670	5407	11828	11914	11583	11672	12554	12036	12648	13989	12242	13790	12813	11615	11773	14016	13758	13810	14461	12078	11680	9904	9723	10012	10439	9513	9146	10490	10397	10784	9707	7998	7304	9122	9556	7631	8165	9040	8808	8034	10209	10095	9861	9629	9863	9866	9176	9628	10633	10214	9958	11513	9684	10675	11602	10562	10000	10926	10325	12375	9977	11373	11238	10723
4119	7625	6915	2738	3324	3891	1982	3134	11044	2231	5942	4872	2921	3435	5252	4417	4514	8497	9048	3707	7182	3522	3236	9307	0	11923	11967	4052	8862	10765	4935	9287	2297	2458	2216	7958	4921	4757	7600	10271	10089	10134	9991	6595	8300	8417	6776	4348	4354	5414	4795	5779	6848	5292	5407	4481	6789	7107	7501	6174	5322	4027	6493	4589	11485	5232	5010	5105	5685	4558	1467	2189	3372	1094	2167	2806	1860	2461	2391	1986	2439	2671	328	478	2158	2201	2391	1578	2439	2803	2029	1996	1612	2288	3939	4643	3364	2708	4305	3856	3285	3223	3889	3889	4035	4007	4100	3687	4222	4620	3995	2458	3449	2671	2786	3089	3891	3372	4027	4512	2937	3633	2391	3964	3944	2101	2645
13426	9431	2973	6960	11698	10071	7367	6278	8123	8835	8304	4589	6393	6247	4756	10551	11399	3826	5168	6381	15454	6384	6505	0	9307	14135	14941	5266	4259	18693	12720	5742	11266	10000	11519	3364	4391	4659	3536	4906	4663	4446	4317	8375	10564	10230	8563	7773	7448	7629	6595	6984	7046	5915	5587	5952	4828	5511	6225	5599	5128	6236	5855	4769	9928	4145	4334	4331	3793	4779	7858	7323	7022	8302	8597	6732	7462	6848	8612	8939	8141	9108	9040	8872	8575	9246	7951	8732	8977	9028	7889	8038	8145	8775	9877	10185	7799	8145	9979	10267	8058	8734	9620	6122	6073	6288	6406	6592	6088	6380	6505	7265	6538	7632	6556	7419	5819	5965	5760	5730	6603	6279	6995	6231	5467	7315	7007
7193	5665	4760	2607	5194	3877	1975	696	8121	4104	3872	1920	1183	259	3748	6595	7056	5261	5862	580	10324	328	0	6505	3236	10566	10926	1920	7304	12373	6311	6148	4825	5036	5367	6125	2303	1870	5825	7046	6860	6900	6756	4417	6637	6579	4643	2323	2091	3095	1972	3113	4119	2216	2252	1323	3581	3991	4512	3062	2091	3482	5801	2447	8880	2389	2252	2179	2715	2349	2158	2349	3490	2607	3863	2311	1578	1353	4040	4020	3668	4605	3082	2757	2075	2750	1453	2252	2509	2630	1411	1548	1740	2288	3735	4259	1661	1724	3959	4027	1870	2483	3507	676	836	906	1094	734	1069	1673	1038	812	367	1160	991	1094	706	1069	812	1297	418	418	1972	820	1148	1194	591
7432	5397	4783	2909	5322	3856	2303	957	7793	4432	3613	1834	1467	348	3889	6921	7384	4983	5551	259	10635	0	328	6384	3522	10327	10712	2056	7381	12413	6371	5829	5022	5362	5627	6177	2303	1812	5890	6750	6567	6613	6471	4140	6389	6316	4368	2117	1860	2822	1661	2803	3800	1888	1931	998	3275	3668	4184	2738	1801	3728	5988	2544	8559	2320	2216	2091	2594	2439	2483	2671	3778	2928	4190	2607	1903	1673	4367	4348	3991	4932	3382	3045	2201	2865	1578	2447	2594	2671	1624	1744	1986	2391	3699	4182	1578	1771	3898	4020	1812	2461	3461	367	519	580	778	464	743	1353	734	1069	164	1249	1297	1069	580	1276	625	991	743	116	2288	492	1194	1512	883
4878	14437	12571	8609	8012	10183	8553	10039	18210	6669	12922	11628	9653	10484	10723	5137	4190	15509	16186	10843	0	10635	10324	15454	7182	17954	17655	10469	13323	12301	9234	16452	6996	5515	5578	12997	11425	11482	12646	17349	17151	17168	17017	13576	14874	15101	13728	11438	11489	12505	11977	12934	13998	12461	12556	11621	13905	14276	14682	13341	12404	9223	10504	10833	18521	11855	11600	11813	12366	10860	8210	8401	8432	7738	6921	8892	8775	9220	6870	6613	7348	6350	7267	7640	9211	8971	9556	8657	9313	9625	9211	9173	8793	9258	10340	10934	10491	9817	10675	10028	10371	10129	10417	10998	11154	11157	11267	10850	11362	11798	11166	9601	10584	9849	9629	10267	10906	10129	11060	11621	9965	10739	8804	11103	10753	9132	9753
7562	5151	4895	3168	5356	3777	2555	1211	7548	4682	3372	1888	1724	591	4080	7174	7629	4825	5347	0	10843	259	580	6381	3707	10093	10492	2252	7527	12366	6346	5611	5116	5599	5779	6308	2414	1888	6029	6567	6389	6443	6304	3891	6152	6072	4119	1913	1640	2576	1402	2544	3541	1649	1713	778	3082	3443	3941	2509	1640	3971	6201	2715	8301	2380	2303	2139	2607	2607	2718	2928	4035	3156	4441	2865	2139	1931	4620	4593	4248	5184	3581	3231	2252	2900	1640	2552	2607	2648	1755	1860	2139	2422	3609	4060	1476	1767	3787	3951	1724	2391	3364	259	348	328	519	259	519	1094	478	1249	259	1297	1556	1038	676	1512	656	820	998	232	2547	259	1358	1740	1094
12720	5084	6457	7991	9993	7664	7722	6210	3071	9817	4783	4921	6662	5712	7242	12194	12784	1397	0	5347	16186	5551	5862	5168	9048	9211	10141	6234	8908	15701	10377	580	10147	10845	11044	7689	5436	5086	7652	1411	1358	1556	1512	4481	6090	5665	4570	5347	5137	4537	4391	3830	3123	3778	3641	4570	2288	2002	2026	2900	3800	8141	9287	6179	4769	4946	5184	4846	4478	6090	8000	7983	8613	8462	9561	7664	7425	7046	9698	9781	9258	10278	8928	8575	7287	7782	6789	7744	7419	7252	7046	7117	7454	7348	7432	7382	6029	6669	7341	7896	6236	6764	7196	5188	5032	5042	4956	5364	4829	4478	5064	6596	5607	6457	6628	6055	5312	6218	5153	4565	6231	5447	7565	5088	5616	7056	6434
12375	5908	5105	7083	9893	7738	6961	5472	4463	8980	5194	3959	5866	5067	6033	11262	11916	0	1397	4825	15509	4983	5261	3826	8497	10375	11240	5246	7514	16101	10495	1975	9871	10065	10604	6304	4367	4119	6278	1903	1673	1661	1508	5058	6996	6613	5199	5323	5054	4739	4202	4007	3642	3488	3248	4086	1870	2129	2625	2730	3185	7062	8000	5096	6152	3877	4131	3830	3372	5020	7304	7159	7610	7780	8721	6764	6750	6291	8834	8975	8375	9410	8333	8018	6969	7540	6406	7353	7193	7091	6579	6677	6962	7077	7512	7593	5805	6381	7489	7964	6042	6649	7260	4618	4482	4561	4537	4906	4331	4178	4653	6052	5074	6060	5881	5695	4623	5396	4478	4005	5578	4869	6744	4577	4773	6422	5852
5194	12116	8467	4835	6969	8327	5096	6595	15177	2971	10392	7958	6125	7148	6643	957	0	11916	12784	7629	4190	7384	7056	11399	4514	16402	16380	6694	9138	13429	8584	13135	5695	2091	4298	8816	7626	7799	8469	13808	13588	13569	13410	11035	12814	12924	11229	8752	8700	9791	8950	10041	11098	9272	9287	8373	10510	11022	11568	10105	9004	5179	6316	6961	15834	8093	7834	8101	8612	7008	4924	4802	4440	4530	3225	5153	5496	5763	3089	3036	3541	2509	4417	4835	6648	6702	6757	6073	6952	7316	6311	6339	5921	6797	8404	9098	7755	7144	8771	8256	7722	7731	8379	7717	7881	7957	8121	7712	8124	8696	8040	6493	7382	6960	6179	7356	7501	6567	7664	8304	6649	7468	5220	7876	7175	5908	6564
5829	11880	7600	4203	7215	8304	4620	6072	14694	2509	10119	7309	5578	6657	5800	0	957	11262	12194	7174	5137	6921	6595	10551	4417	16333	16382	6016	8187	13983	8865	12571	5944	1986	4670	7891	6923	7147	7548	13162	12934	12902	12741	10749	12645	12720	10952	8462	8375	9469	8538	9655	10695	8795	8780	7890	9942	10499	11088	9600	8452	4373	5367	6231	15454	7402	7144	7432	7919	6288	4537	4268	3685	4203	2738	4530	5084	5260	2555	2648	2953	1996	4256	4659	6463	6613	6485	5907	6823	7190	6019	6070	5656	6640	8356	9060	7472	6903	8722	8259	7471	7562	8302	7235	7399	7501	7681	7285	7650	8261	7610	6113	6939	6648	5665	7023	6973	5993	7137	7796	6179	6996	4676	7411	6580	5502	6149
9220	9055	1856	2544	8295	7540	3318	3113	10169	4202	7353	2691	2832	3558	0	5800	6643	6033	7242	4080	10723	3889	3748	4756	5252	14067	14535	1834	3692	15750	9691	7741	7498	5347	7326	2706	2002	2563	2349	7890	7639	7548	7384	7780	10125	9982	8012	5993	5712	6533	5241	6264	7007	4993	4779	4306	5322	6090	6868	5437	4216	1508	2216	1397	11446	2422	2252	2617	2803	1512	3830	3065	2323	4158	3986	2447	3692	3121	3959	4348	3511	4408	4935	4923	5475	6105	4956	5337	5987	6210	4640	4802	4682	5731	7425	7990	5407	5352	7678	7660	5607	6175	7213	3913	4005	4254	4482	4334	4216	4894	4505	4119	4035	4777	3089	4829	3435	2698	3528	4067	3528	3856	2900	4140	2730	3787	3899
7424	5742	4518	2594	5453	4114	2052	625	8040	4184	3959	1661	1142	0	3558	6657	7148	5067	5712	591	10484	348	259	6247	3435	10675	11059	1724	7083	12627	6567	6016	5074	5151	5587	5893	2052	1612	5598	6871	6680	6713	6567	4482	6737	6662	4711	2461	2207	3166	1982	3123	4101	2139	2139	1233	3425	3877	4432	2957	1920	3382	5645	2231	8853	2129	1996	1920	2458	2129	2288	2391	3449	2750	3937	2285	1713	1397	4104	4114	3714	4676	3267	2957	2334	3009	1713	2504	2767	2881	1661	1801	1975	2547	3968	4476	1870	1975	4182	4268	2091	2718	3735	580	743	883	1100	812	998	1661	1069	1050	478	1416	998	1323	464	928	591	1160	519	367	1996	778	906	1358	812
7038	6848	4182	1453	5569	4722	1100	519	9123	3156	5054	2002	0	1142	2832	5578	6125	5866	6662	1724	9653	1467	1183	6393	2921	11737	12073	1194	6505	12964	6890	7011	4935	4203	5137	5416	2002	1870	5086	7731	7522	7527	7373	5599	7814	7762	5825	3482	3267	4278	3123	4265	5241	3250	3208	2349	4385	4921	5526	4027	2881	2323	4733	1771	9987	2320	2091	2216	2794	1713	1512	1323	2311	1986	2900	1142	1069	464	3045	3123	2625	3624	2671	2480	2645	3285	2129	2555	3156	3382	1812	1975	1903	2900	4618	5214	2708	2544	4890	4835	2870	3382	4417	1713	1870	2026	2240	1913	2129	2803	2201	1297	1548	1982	259	2117	1397	478	1561	2228	812	1508	906	1920	1100	998	1100
8959	6418	3065	3123	7114	5665	3095	1744	7660	5032	4783	0	2002	1661	2691	7309	7958	3959	4921	1888	11628	1834	1920	4589	4872	11439	11967	1312	5773	14245	8204	5347	6696	6139	7080	4514	696	164	4265	5855	5632	5611	5453	5151	7514	7341	5381	3641	3324	3968	2678	3613	4317	2323	2091	1767	2767	3476	4222	2757	1526	3250	4906	1358	8811	492	478	259	820	1249	3511	3231	3692	3986	4773	2806	3018	2461	4879	5042	4417	5453	4646	4410	3995	4669	3372	4145	4417	4505	3301	3449	3573	4203	5496	5926	3364	3603	5665	5838	3613	4278	5250	1640	1649	1903	2091	2133	1771	2349	2158	2678	1996	3065	2091	2900	1255	1526	1233	1508	2026	1740	2825	1812	928	2794	2422
8715	1801	7780	6443	5613	3123	5650	4561	5540	7626	0	4783	5054	3959	7353	10119	10392	5194	4783	3372	12922	3613	3872	8304	5942	6729	7190	5573	10528	10943	5685	4676	6129	8301	7378	9247	5461	4869	9024	6191	6135	6311	6236	656	2784	2708	836	1661	1801	820	2117	1323	1661	2544	2853	3051	3536	3065	2757	2708	3427	7341	9530	5957	5599	5211	5261	4956	5149	5842	5607	6090	7348	5916	7421	6165	5105	5149	7632	7472	7346	8145	5987	5569	3787	3951	3641	4367	3613	3297	4101	4058	4476	3692	2900	2671	2648	3250	2708	3348	2671	2794	2715	3480	3366	3132	2900	3151	3141	2461	2902	4073	3511	3476	4846	3123	3946	4884	3835	3299	4254	3603	5769	3248	4646	4698	4111
5276	9399	6050	1945	5472	6042	2133	3624	12222	0	7626	5032	3156	4184	4202	2509	2971	8980	9817	4682	6669	4432	4104	8835	2231	13955	14076	3816	7421	12776	7117	10164	4306	1166	3528	6756	4769	4878	6389	10863	10647	10638	10481	8250	10199	10253	8456	5966	5870	6964	6033	7147	8190	6316	6321	5414	7540	8053	8613	7140	6033	2708	4762	4165	12946	5214	4956	5194	5730	4192	2029	1834	1888	1724	259	2240	2576	2794	259	259	696	519	1975	2323	4052	4306	4007	3528	4463	4825	3534	3598	3192	4254	6060	6764	4983	4440	6418	6033	4997	5149	5971	4757	4921	5010	5184	4783	5168	5763	5109	3603	4441	4150	3208	4518	4530	3603	4693	5337	3692	4512	2252	4924	4218	2994	3642
14228	4757	9513	10545	11152	8657	10089	8622	0	12222	5540	7660	9123	8040	10169	14694	15177	4463	3071	7548	18210	7793	8121	8123	11044	7226	8333	8944	11977	15569	11081	2504	11626	13140	12777	10761	8259	7820	10720	3348	3549	3800	3891	4956	5302	4825	4895	6806	6726	5759	6268	5276	4218	5906	5915	6809	4894	4222	3609	5096	6288	10908	12278	8993	1972	7786	8000	7640	7367	8893	10261	10425	11275	10683	11977	10219	9684	9436	12144	12141	11744	12716	10998	10602	9013	9341	8657	9556	8980	8715	9025	9049	9442	8993	8437	8131	7722	8399	8222	8878	7858	8197	8256	7465	7301	7220	7062	7475	7054	6493	7148	8719	7796	8375	9029	7958	7726	8733	7562	6898	8531	7710	10019	7301	8190	9278	8622
7215	6350	4278	1972	5511	4440	1512	0	8622	3624	4561	1744	519	625	3113	6072	6595	5472	6210	1211	10039	957	696	6278	3134	11262	11621	1323	6729	12822	6744	6542	4989	4636	5337	5587	1920	1640	5273	7316	7114	7130	6979	5096	7331	7267	5323	3018	2786	3777	2607	3748	4722	2738	2708	1834	3925	4432	5020	3528	2414	2786	5121	1888	9469	2139	1945	1986	2563	1805	1834	1805	2825	2311	3372	1661	1297	836	3528	3573	3121	4104	2921	2668	2466	3134	1888	2491	2953	3134	1673	1834	1874	2708	4317	4878	2311	2252	4565	4571	2499	3065	4101	1194	1353	1508	1724	1411	1612	2285	1689	1069	1050	1673	418	1724	906	418	1069	1724	418	991	1397	1402	820	1050	820
6078	7447	4935	991	5004	4670	0	1512	10089	2133	5650	3095	1100	2052	3318	4620	5096	6961	7722	2555	8553	2303	1975	7367	1982	12189	12426	2101	6984	12485	6473	8051	4182	3123	4165	6016	3016	2957	5664	8819	8613	8622	8469	6247	8329	8333	6463	4000	3856	4935	3925	5054	6082	4184	4190	3281	5437	5926	6480	5010	3925	2288	4835	2617	10843	3382	3141	3299	3872	2594	519	464	1888	935	1888	906	580	676	2065	2065	1713	2630	1689	1612	2504	3016	2204	2179	3012	3322	1744	1870	1578	2757	4618	5283	3071	2668	4939	4733	3151	3488	4463	2625	2789	2881	3062	2671	3036	3642	2994	1578	2320	2231	1094	2533	2414	1578	2576	3208	1561	2380	418	2794	2201	957	1556
5695	4315	8632	5657	2499	0	4670	4440	8657	6042	3123	5665	4722	4114	7540	8304	8327	7738	7664	3777	10183	3856	3877	10071	3891	8078	8078	5759	11166	8622	2757	7660	3200	6330	4620	10001	6157	5660	9698	9067	8969	9108	9007	3707	4693	4921	3793	2422	2715	3132	3598	3835	4663	4331	4631	4119	5881	5726	5685	5008	4981	6898	9414	6311	8534	6157	6070	5915	6359	6218	4348	5121	6556	4414	5917	5502	4111	4524	6149	5819	6042	6522	4086	3719	2167	1740	2594	2563	1661	1358	2973	2825	3095	1913	232	778	2303	2189	492	232	2052	1397	478	4027	4040	3805	3668	3536	3991	3735	3573	3425	3692	2767	4463	2794	4429	4858	4432	4343	4022	3937	4989	3877	5020	3856	3641
3285	6764	9750	5926	0	2499	5004	5511	11152	5472	5613	7114	5569	5453	8295	7215	6969	9893	9993	5356	8012	5322	5194	11698	3324	9948	9706	6757	11980	7486	1661	10043	1276	5283	2730	10961	7425	7057	10620	11373	11253	11369	11254	6205	6996	7285	6291	4646	4872	5530	5695	6187	7098	6406	6662	5939	8025	8007	8072	7196	6870	7248	9767	7336	11008	7576	7419	7373	7906	7271	4518	5347	6662	4315	5453	5908	4605	5199	5666	5214	5759	5834	3641	3480	3123	2458	3748	3025	2757	2806	3842	3685	3668	2935	2715	3123	4101	3602	2957	2285	3856	3250	2900	5613	5689	5515	5461	5179	5739	5726	5347	4463	5173	4073	5341	4334	5881	5890	5947	6105	5138	5431	5414	5545	6278	4571	4722
6680	8243	4305	0	5926	5657	991	1972	10545	1945	6443	3123	1453	2594	2544	4203	4835	7083	7991	3168	8609	2909	2607	6960	2738	13066	13342	1874	6125	13412	7432	8373	5020	3095	4783	5241	2825	2964	4879	8977	8755	8734	8575	7011	9173	9147	7234	4825	4643	5689	4570	5712	6694	4698	4640	3800	5744	6329	6960	5453	4268	1323	3861	2231	11439	3275	3016	3269	3793	2252	1416	580	928	1649	1689	328	1548	1297	1767	2002	1297	2334	2414	2461	3490	4007	3151	3168	4000	4305	2708	2844	2568	3744	5599	6256	3951	3613	5915	5723	4060	4446	5437	3166	3324	3476	3687	3340	3583	4254	3641	2439	2973	3132	1616	3382	2832	1812	2994	3668	2201	2957	696	3372	2380	1860	2346
10969	9313	0	4305	9750	8632	4935	4278	9513	6050	7780	3065	4182	4518	1856	7600	8467	5105	6457	4895	12571	4783	4760	2973	6915	14309	14915	2994	2757	17100	11022	7011	9082	7200	9061	1467	2483	3025	1281	6806	6547	6406	6247	8078	10439	10217	8302	6705	6388	6979	5712	6533	7038	5246	4956	4825	4988	5800	6612	5397	4367	3364	3036	2414	11024	2594	2607	2853	2645	2483	5453	4769	4178	5838	5829	4145	5194	4576	5810	6187	5356	6264	6613	6538	6744	7411	6157	6729	7226	7382	5942	6105	6082	6984	8481	8955	6359	6480	8678	8786	6595	7235	8243	4666	4698	4956	5153	5151	4835	5396	5214	5347	4946	5906	4410	5838	4222	3877	4248	4565	4682	4711	4524	4858	3613	5180	5096
10007	0	9313	8243	6764	4315	7447	6350	4757	9399	1801	6418	6848	5742	9055	11880	12116	5908	5084	5151	14437	5397	5665	9431	7625	5022	5613	7312	12070	10897	6422	4777	7501	10028	8860	10776	7110	6522	10581	6388	6406	6628	6596	1276	1142	928	1044	3449	3602	2576	3830	2806	2389	4101	4368	4756	4620	3925	3285	3964	4960	9122	11253	7660	4254	6809	6892	6562	6669	7544	7389	7889	9147	7681	9200	7964	6898	6949	9414	9236	9138	9917	7699	7281	5472	5526	5396	6050	5220	4873	5866	5810	6225	5341	4131	3641	4417	4981	3830	4505	4410	4410	4027	5241	5116	4894	4663	4939	4878	4178	4676	5869	5302	5256	6643	4916	5695	6662	5573	4989	6052	5381	7569	5010	6384	6493	5911
0	10007	10969	6680	3285	5695	6078	7215	14228	5276	8715	8959	7038	7424	9220	5829	5194	12375	12720	7562	4878	7432	7193	13426	4119	13134	12792	8167	12665	8256	4360	12860	2607	4432	1913	11896	9040	8853	11531	14038	13883	13961	13829	9341	10280	10562	9453	7484	7633	8487	8329	9061	10061	8964	9154	8288	10566	10720	10934	9828	9200	7835	10038	8695	14226	9339	9122	9200	9778	8669	5574	6200	7056	5149	5411	6823	5971	6579	5534	5054	5870	5362	4391	4561	5437	4956	5971	5022	5322	5540	5810	5703	5453	5374	5890	6380	6696	6052	6177	5502	6501	6055	6029	7786	7909	7814	7842	7468	8045	8259	7727	6381	7323	6316	6892	6694	7888	7482	8005	8381	6964	7548	6471	7803	8034	6165	6612