=== AStar_v1_2 alpha/d_ref 参数敏感性分析 ===
时间: 20260831_155648
总耗时: 1.7 秒

--- 实验配置 ---
地图: Map1, Map2_kong, 迷宫x80
alpha: [0.0, ..., 0.8] (9 级)
d_ref: [0.00, ..., 0.15] (8 级)
重复: 1 次
SimplifyPath: false
SmoothPath: false
热力图路径代价: 原始

--- 参数说明 ---
alpha: 最大额外权重 [0.1, 0.8]
       越大 → 开阔区域越贪心（路径更短但可能绕远）
       越小 → 越接近标准 A*（更稳定但搜索更慢）
d_ref: 障碍物距离阈值(占地图对角距离百分比) [0.02, 0.15]
       越小 → 障碍物影响范围越窄（只有紧贴障碍物才减速）
       越大 → 障碍物影响范围越广（提前减速，路径更安全）

--- Map1 ---
地图大小: 50, 起点: [3,3], 终点: [48,48], 障碍物: 585
   alpha    d_ref |       扩展节点       原始代价      处理后代价       路径长度     最大Open     耗时(ms)
----------------------------------------------------------------------------------
     0.0     0.00 |        802      76.53      76.53         68        113        6.5
     0.0     0.02 |        802      76.53      76.53         68        113        5.3
     0.0     0.04 |        802      76.53      76.53         68        113        4.7
     0.0     0.06 |        802      76.53      76.53         68        113        4.9
     0.0     0.08 |        802      76.53      76.53         68        113        5.9
     0.0     0.10 |        802      76.53      76.53         68        113        4.5
     0.0     0.12 |        802      76.53      76.53         68        113        4.5
     0.0     0.15 |        802      76.53      76.53         68        113        4.5
     0.1     0.00 |        590      76.53      76.53         68        106        3.6
     0.1     0.02 |        641      77.11      77.11         69        103        4.5
     0.1     0.04 |        670      76.53      76.53         68        104        4.0
     0.1     0.06 |        701      76.53      76.53         68        103        4.0
     0.1     0.08 |        716      76.53      76.53         68         97        4.3
     0.1     0.10 |        728      76.53      76.53         68        103        4.9
     0.1     0.12 |        732      76.53      76.53         68        106        4.1
     0.1     0.15 |        741      76.53      76.53         68        101        4.9
     0.2     0.00 |        328      76.53      76.53         68        167        2.8
     0.2     0.02 |        426      77.70      77.70         70        150        3.1
     0.2     0.04 |        570      78.28      78.28         71        113        3.5
     0.2     0.06 |        601      77.70      77.70         70        113        4.1
     0.2     0.08 |        622      77.11      77.11         69        109        4.0
     0.2     0.10 |        682      77.11      77.11         69        100        4.1
     0.2     0.12 |        680      76.53      76.53         68        105        4.1
     0.2     0.15 |        698      76.53      76.53         68        102        4.5
     0.3     0.00 |        182      76.53      76.53         68        158        1.8
     0.3     0.02 |        291      79.36      79.36         70        164        2.3
     0.3     0.04 |        426      79.11      79.11         71        159        3.7
     0.3     0.06 |        554      79.11      79.11         71        123        3.6
     0.3     0.08 |        583      78.28      78.28         71        122        3.8
     0.3     0.10 |        612      78.28      78.28         71        109        4.7
     0.3     0.12 |        602      77.11      77.11         69        112        6.1
     0.3     0.15 |        645      77.11      77.11         69        114        4.0
     0.4     0.00 |        154      76.53      76.53         68        159        2.0
     0.4     0.02 |        244      79.94      79.94         71        184        2.2
     0.4     0.04 |        299      79.70      79.70         72        192        2.4
     0.4     0.06 |        411      79.11      79.11         71        176        3.0
     0.4     0.08 |        498      79.11      79.11         71        142        3.3
     0.4     0.10 |        545      78.28      78.28         71        129        3.5
     0.4     0.12 |        583      78.28      78.28         71        122        4.6
     0.4     0.15 |        625      78.28      78.28         71        116        4.1
     0.5     0.00 |        144      76.53      76.53         68        160        1.9
     0.5     0.02 |        206      80.28      80.28         73        192        1.9
     0.5     0.04 |        255      79.70      79.70         72        214        2.2
     0.5     0.06 |        328      79.70      79.70         72        194        2.9
     0.5     0.08 |        432      79.70      79.70         72        176        3.4
     0.5     0.10 |        479      79.11      79.11         71        154        3.8
     0.5     0.12 |        551      79.11      79.11         71        133        4.5
     0.5     0.15 |        568      78.28      78.28         71        124        3.8
     0.6     0.00 |        137      77.36      77.36         68        164        1.8
     0.6     0.02 |        207      83.11      83.11         75        205        2.1
     0.6     0.04 |        263      79.70      79.70         72        233        2.4
     0.6     0.06 |        265      79.70      79.70         72        220        2.6
     0.6     0.08 |        341      79.70      79.70         72        196        2.9
     0.6     0.10 |        423      79.70      79.70         72        180        3.4
     0.6     0.12 |        474      79.11      79.11         71        160        3.4
     0.6     0.15 |        554      79.11      79.11         71        133        3.6
     0.7     0.00 |        141      77.36      77.36         68        164        1.6
     0.7     0.02 |        225      83.11      83.11         75        201        2.7
     0.7     0.04 |        267      79.46      79.46         73        236        2.5
     0.7     0.06 |        277      79.70      79.70         72        236        2.4
     0.7     0.08 |        274      79.70      79.70         72        221        2.6
     0.7     0.10 |        373      79.70      79.70         72        198        2.8
     0.7     0.12 |        420      79.70      79.70         72        182        3.1
     0.7     0.15 |        480      79.11      79.11         71        160        4.4
     0.8     0.00 |        141      77.36      77.36         68        165        1.6
     0.8     0.02 |        253      83.11      83.11         75        221        2.4
     0.8     0.04 |        271      83.11      83.11         75        238        3.7
     0.8     0.06 |        270      79.70      79.70         72        236        2.6
     0.8     0.08 |        281      79.70      79.70         72        234        2.6
     0.8     0.10 |        306      79.70      79.70         72        217        2.8
     0.8     0.12 |        384      79.70      79.70         72        197        2.9
     0.8     0.15 |        447      79.70      79.70         72        183        3.4

--- Map2_kong ---
地图大小: 80, 起点: [4,4], 终点: [77,77], 障碍物: 1559
   alpha    d_ref |       扩展节点       原始代价      处理后代价       路径长度     最大Open     耗时(ms)
----------------------------------------------------------------------------------
     0.0     0.00 |       1976     111.44     111.44         88        247       13.1
     0.0     0.02 |       1976     111.44     111.44         88        247       12.4
     0.0     0.04 |       1976     111.44     111.44         88        247       12.4
     0.0     0.06 |       1976     111.44     111.44         88        247       14.0
     0.0     0.08 |       1976     111.44     111.44         88        247       13.3
     0.0     0.10 |       1976     111.44     111.44         88        247       13.0
     0.0     0.12 |       1976     111.44     111.44         88        247       12.5
     0.0     0.15 |       1976     111.44     111.44         88        247       13.6
     0.1     0.00 |        713     113.20     113.20         91        285        6.3
     0.1     0.02 |       1318     114.37     114.37         93        320       10.8
     0.1     0.04 |       1676     113.78     113.78         92        279       14.1
     0.1     0.06 |       1628     112.61     112.61         90        292       13.0
     0.1     0.08 |       1812     112.61     112.61         90        271       13.0
     0.1     0.10 |       1819     112.02     112.02         89        297       13.0
     0.1     0.12 |       1801     111.44     111.44         88        280       12.9
     0.1     0.15 |       1850     111.44     111.44         88        269       13.0
     0.2     0.00 |        186     113.20     113.20         91        276        2.4
     0.2     0.02 |        483     116.95     116.95         96        362        4.8
     0.2     0.04 |       1074     116.95     116.95         96        346        9.6
     0.2     0.06 |       1626     116.95     116.95         96        315       12.6
     0.2     0.08 |       1621     115.20     115.20         93        306       13.1
     0.2     0.10 |       1868     115.20     115.20         93        283       15.6
     0.2     0.12 |       1939     114.37     114.37         93        263       15.0
     0.2     0.15 |       1661     112.61     112.61         90        292       13.0
     0.3     0.00 |        128     113.20     113.20         91        266        2.1
     0.3     0.02 |        583     122.12     122.12        102        465        6.1
     0.3     0.04 |        847     120.12     120.12        100        362        7.4
     0.3     0.06 |        860     116.95     116.95         96        381        7.7
     0.3     0.08 |       1530     117.54     117.54         97        362       12.4
     0.3     0.10 |       1648     116.95     116.95         96        335       13.4
     0.3     0.12 |       1481     115.20     115.20         93        296       12.7
     0.3     0.15 |       1691     114.61     114.61         92        305       17.0
     0.4     0.00 |        117     114.02     114.02         91        268        2.1
     0.4     0.02 |        504     122.95     122.95        102        465        5.3
     0.4     0.04 |        662     120.12     120.12        100        421        6.9
     0.4     0.06 |        906     120.71     120.71        101        382        8.0
     0.4     0.08 |        762     116.37     116.37         95        400        7.3
     0.4     0.10 |       1290     117.54     117.54         97        357       10.3
     0.4     0.12 |       1443     116.95     116.95         96        344       11.6
     0.4     0.15 |       1536     115.78     115.78         94        337       12.5
     0.5     0.00 |        115     114.02     114.02         91        267        2.1
     0.5     0.02 |        688     125.78     125.78        104        636        7.3
     0.5     0.04 |        702     122.47     122.47        104        551        6.9
     0.5     0.06 |        711     120.71     120.71        101        396        8.3
     0.5     0.08 |        996     120.71     120.71        101        435        9.9
     0.5     0.10 |        753     116.37     116.37         95        410        6.9
     0.5     0.12 |       1058     116.95     116.95         96        407        8.9
     0.5     0.15 |       1567     117.54     117.54         97        353       13.3
     0.6     0.00 |        115     114.85     114.85         91        268        2.2
     0.6     0.02 |        379     136.67     136.67        124        353        4.1
     0.6     0.04 |        626     124.12     124.12        104        537        7.2
     0.6     0.06 |        681     122.71     122.71        103        511        6.7
     0.6     0.08 |        814     120.71     120.71        101        394        8.3
     0.6     0.10 |        976     120.71     120.71        101        419        9.9
     0.6     0.12 |        750     116.37     116.37         95        414        7.0
     0.6     0.15 |       1087     116.95     116.95         96        400        9.2
     0.7     0.00 |        110     114.85     114.85         91        269        2.0
     0.7     0.02 |        343     137.50     137.50        124        352        3.6
     0.7     0.04 |        732     124.12     124.12        104        653        7.4
     0.7     0.06 |        795     122.47     122.47        104        622        9.6
     0.7     0.08 |        668     120.12     120.12        100        443        7.4
     0.7     0.10 |        780     120.12     120.12        100        388        7.7
     0.7     0.12 |        999     120.71     120.71        101        425        8.5
     0.7     0.15 |        753     116.37     116.37         95        400        6.9
     0.8     0.00 |        114     114.85     114.85         91        270        2.1
     0.8     0.02 |        326     137.50     137.50        124        350        4.2
     0.8     0.04 |        735     125.54     125.54        105        633        8.6
     0.8     0.06 |        831     124.12     124.12        104        637        8.6
     0.8     0.08 |        776     123.30     123.30        104        533        7.9
     0.8     0.10 |        684     120.12     120.12        100        425        7.3
     0.8     0.12 |        818     120.12     120.12        100        391        7.2
     0.8     0.15 |       1322     120.12     120.12        100        483       13.5

--- 迷宫x80 ---
地图大小: 80, 起点: [4,4], 终点: [77,77], 障碍物: 1176
   alpha    d_ref |       扩展节点       原始代价      处理后代价       路径长度     最大Open     耗时(ms)
----------------------------------------------------------------------------------
     0.0     0.00 |       2399     117.30     117.30         98        286       16.9
     0.0     0.02 |       2399     117.30     117.30         98        286       16.3
     0.0     0.04 |       2399     117.30     117.30         98        286       16.7
     0.0     0.06 |       2399     117.30     117.30         98        286       16.1
     0.0     0.08 |       2399     117.30     117.30         98        286       16.5
     0.0     0.10 |       2399     117.30     117.30         98        286       15.5
     0.0     0.12 |       2399     117.30     117.30         98        286       15.6
     0.0     0.15 |       2399     117.30     117.30         98        286       15.4
     0.1     0.00 |       1259     117.30     117.30         98        343       10.6
     0.1     0.02 |       1083     117.30     117.30         98        310        9.9
     0.1     0.04 |       1494     118.47     118.47        100        337       11.6
     0.1     0.06 |       1710     118.47     118.47        100        329       13.5
     0.1     0.08 |       1965     117.88     117.88         99        308       15.4
     0.1     0.10 |       2064     117.88     117.88         99        288       14.8
     0.1     0.12 |       2107     117.88     117.88         99        275       14.8
     0.1     0.15 |       2078     117.30     117.30         98        255       13.8
     0.2     0.00 |        804     121.30     121.30        102        221        6.1
     0.2     0.02 |        951     119.88     119.88        101        371        8.4
     0.2     0.04 |       1197     120.12     120.12        100        389       10.2
     0.2     0.06 |       1297     120.12     120.12        100        353       11.2
     0.2     0.08 |       1383     120.12     120.12        100        321       10.8
     0.2     0.10 |       1432     117.88     117.88         99        363       11.4
     0.2     0.12 |       1413     117.88     117.88         99        311       10.5
     0.2     0.15 |       1737     117.30     117.30         98        335       13.4
     0.3     0.00 |        476     121.30     121.30        102        251        4.7
     0.3     0.02 |       1142     129.64     129.64        112        380       11.4
     0.3     0.04 |       1165     125.64     125.64        108        384       12.5
     0.3     0.06 |       1371     125.05     125.05        107        422       19.1
     0.3     0.08 |       1351     123.05     123.05        105        407       11.7
     0.3     0.10 |       1308     119.30     119.30        100        354       15.3
     0.3     0.12 |       1444     120.12     120.12        100        360       14.7
     0.3     0.15 |       1287     117.88     117.88         99        323       10.3
     0.4     0.00 |        385     121.30     121.30        102        259        4.2
     0.4     0.02 |        843     131.84     131.84        120        368       10.1
     0.4     0.04 |       1141     126.81     126.81        110        457       10.1
     0.4     0.06 |       1151     126.23     126.23        109        401       10.0
     0.4     0.08 |       1236     125.64     125.64        108        361       10.5
     0.4     0.10 |       1292     124.81     124.81        108        328       10.4
     0.4     0.12 |       1444     123.64     123.64        106        394       12.2
     0.4     0.15 |       1341     119.30     119.30        100        336       10.6
     0.5     0.00 |        343     121.30     121.30        102        262        3.6
     0.5     0.02 |        562     130.43     130.43        119        364        5.1
     0.5     0.04 |        960     132.43     132.43        121        412        8.2
     0.5     0.06 |       1231     129.50     129.50        116        473       10.6
     0.5     0.08 |       1316     129.50     129.50        116        381       10.8
     0.5     0.10 |       1215     125.64     125.64        108        378       11.1
     0.5     0.12 |       1259     125.05     125.05        107        347        9.6
     0.5     0.15 |       1282     124.23     124.23        107        328       10.1
     0.6     0.00 |        293     122.12     122.12        102        268        3.2
     0.6     0.02 |        573     131.60     131.60        121        380        6.0
     0.6     0.04 |        801     131.01     131.01        120        418        7.3
     0.6     0.06 |       1050     128.33     128.33        114        452        9.0
     0.6     0.08 |       1243     129.50     129.50        116        484       10.4
     0.6     0.10 |       1288     129.50     129.50        116        425       10.5
     0.6     0.12 |       1348     128.91     128.91        115        360       10.7
     0.6     0.15 |       1274     125.05     125.05        107        360        9.7
     0.7     0.00 |        290     122.12     122.12        102        270        3.4
     0.7     0.02 |        426     139.60     139.60        129        352        4.3
     0.7     0.04 |        715     131.60     131.60        121        415        7.6
     0.7     0.06 |        844     131.01     131.01        120        421        7.5
     0.7     0.08 |       1086     128.91     128.91        115        449       10.3
     0.7     0.10 |       1256     129.50     129.50        116        487       16.5
     0.7     0.12 |       1283     129.50     129.50        116        433       10.3
     0.7     0.15 |       1364     128.91     128.91        115        356       10.7
     0.8     0.00 |        282     122.95     122.95        102        270        3.7
     0.8     0.02 |        432     138.77     138.77        129        361        4.2
     0.8     0.04 |        727     131.60     131.60        121        432        6.5
     0.8     0.06 |        763     131.60     131.60        121        409        7.7
     0.8     0.08 |        915     131.01     131.01        120        450        7.8
     0.8     0.10 |       1140     131.84     131.84        120        453        9.5
     0.8     0.12 |       1282     127.40     127.40        111        466       10.7
     0.8     0.15 |       1319     129.50     129.50        116        412       10.5

